0 1 0.19538649601094912 0
1 1 0.2004386708124907 0
2 1 0.321199469297313 0
3 1 0.2773078559672086 0
4 1 0.797333958716547 0
5 1 0.5870842878094469 0
6 1 0.5645655531913562 0
7 1 0.19736461024093424 0
8 1 0.4379882155982732 0
9 1 0.5401139477820436 0
10 1 0.5377843790999269 0
11 1 0.07667479258057716 0
12 1 0.47654203540372053 0
13 1 0.4877251758714276 1
14 1 0.6610392833414885 0
15 1 0.8006923349355255 0
16 1 0.3605294765852312 0
17 1 0.3120185807764697 0
18 1 0.20336806655576573 0
19 1 0.5216130522188152 0
20 0 0.6807696946950184 0
21 1 0.1798097050276325 0
22 1 0.3780782756264696 0
23 1 0.3581457755004596 0
24 1 0.463936791194963 0
25 1 0.33470910629685596 0
26 1 0.6184244606976939 0
27 1 0.37458760568498395 0
28 1 0.4222004520944082 0
29 1 0.2873949883374908 0
30 1 0.2918403091006085 0
31 1 0.24819624166878818 0
32 1 0.2634432571207777 0
33 1 0.3500189290026289 0
34 1 0.37918195708280605 0
35 1 0.3807258396020661 0
36 1 0.20436994800125471 0
37 1 0.2726228353880196 0
38 1 0.14544721175432285 0
39 1 0.6841385773218214 0
40 1 0.139396407184183 0
41 1 0.24785108179386878 0
42 1 0.5369441346514792 0
43 1 0.6390598768812886 0
44 1 0.5266202494712569 0
45 1 0.38327148207918454 0
46 1 0.20129179273533152 0
47 1 0.20926007359981605 0
48 1 0.14792180884313727 0
49 1 0.41479073641174186 0
50 1 0.1380305640457997 0
51 1 0.20937974305959645 0
52 1 0.43596109808358796 0
53 1 0.1632396346267387 0
54 1 0.37767447546472477 0
55 1 0.4587456610110274 0
56 1 0.16138738051003945 0
57 1 0.09836330430925655 0
58 1 0.7491911533271839 0
59 1 0.5460682941738628 0
60 1 0.4740569366279226 0
61 1 0.2193791409411935 0
62 1 0.30830111176267244 0
63 1 0.10582895705053194 0
64 1 0.2539877514311998 0
65 1 0.37571355907561327 0
66 1 0.348800601873277 0
67 1 0.29869953880622546 0
68 1 0.1375791753529669 0
69 1 0.41431622580264194 0
70 1 0.3356590029474201 0
71 1 0.44537823854859865 0
72 1 0.3069674413569613 0
73 0 0.9999999986192278 0
74 1 0.5105257914204381 0
75 1 0.3598079261541271 0
76 1 0.3004194006922821 0
77 1 0.5284662918887733 0
78 1 0.32350866100804715 0
79 1 0.2170833620950952 0
80 1 0.30850990129618866 1
81 1 0.5038752776346895 0
82 1 0.10352210369029263 0
83 1 0.24805750702660256 0
84 1 0.6039581084373139 0
85 1 0.46469115150770096 1
86 1 0.4194395486044699 0
87 1 0.4725733063565387 0
88 1 0.27629369430117023 0
89 1 0.5237002945979535 0
90 1 0.5643013894163725 0
91 1 0.4007369031675075 0
92 1 0.49547966710958224 0
93 1 0.30129775464160263 0
94 1 0.41106178214169575 0
95 1 0.3029208553796535 0
96 1 0.1224202220238413 0
97 1 0.35128769849147073 0
98 1 0.3612448438096952 0
99 1 0.5378486344112021 0
100 1 0.5373188734975565 0
101 1 0.3489676531217324 0
102 1 0.5546618882769524 0
103 1 0.29085003978776675 0
104 1 0.40844763225050923 0
105 1 0.18706912880013257 0
106 1 0.42746780361900855 0
107 1 0.12231352492114908 0
108 1 0.3624064413611356 0
109 1 0.39737814151987816 0
110 1 0.37535760325735196 0
111 1 0.24674213772606704 0
112 1 0.604730104333027 0
113 1 0.3739858274088873 0
114 1 0.18067620510756563 0
115 1 0.24621762930644336 0
116 1 0.17473039755436823 0
117 1 0.15172093413126514 0
118 1 0.45368039868929344 0
119 1 0.34463366971988574 0
120 1 0.11343811446427635 0
121 1 0.2776762827946787 0
122 1 0.2710759050388709 0
123 1 0.16053073252685124 0
124 0 0.7172259854782784 0
125 1 0.22450528336288442 0
126 1 0.1512603778708565 0
127 1 0.49120719693607434 0
128 0 0.5718545521894771 0
129 1 0.31436096976677474 0
130 1 0.19468281429042078 0
131 1 0.22684479719324968 0
132 1 0.1964909896302018 0
133 1 0.16618951583260574 0
134 1 0.2756109187443393 0
135 1 0.2011843552393138 0
136 1 0.4722688185764947 0
137 1 0.2735827314741156 0
138 1 0.3929929736027354 0
139 1 0.49428338589472526 0
140 1 0.43995010070543433 0
141 1 0.309364421608455 0
142 1 0.3142967487243963 0
143 1 0.25736361918625056 0
144 1 0.5009816888046396 0
145 1 0.13115229936867612 0
146 1 0.08324931619991069 0
147 1 0.31209528927198343 0
148 1 0.4907163290207293 0
149 1 0.28141282743247964 0
150 1 0.4831154868340267 0
151 1 0.25910622385671445 0
152 1 0.1533159329771668 0
153 1 0.4589780779752087 0
154 1 0.456057427587581 0
155 1 0.2199911341315292 0
156 1 0.10469558986581888 0
157 1 0.2904814326452795 0
158 1 0.30101666077909056 0
159 1 0.17490104263087017 0
160 1 0.4250070802200003 0
161 1 0.5488582258859419 0
162 1 0.4497691681425841 0
163 1 0.23584454031831772 0
164 1 0.4020840326346063 0
165 1 0.38815551963324035 0
166 1 0.4770786307615948 0
167 1 0.5011962763121297 0
168 1 0.06398968639766563 0
169 1 0.5217901048225916 0
170 1 0.35236992385884564 0
171 1 0.34674422779584146 0
172 1 0.37101492869610053 0
173 1 0.07521840796947095 0
174 1 0.1827844302917209 0
175 1 0.4009526174459909 0
176 1 0.48579125721353433 0
177 1 0.2681567461721756 0
178 1 0.705271440287901 0
179 1 0.4443177453253236 0
180 1 0.6627334438451772 0
181 1 0.5720055917526293 0
182 1 0.329546089146025 0
183 1 0.4103006618793653 0
184 1 0.2929689798102258 0
185 1 0.5957152988370076 0
186 1 0.4502364559797608 0
187 1 0.5113908123631977 0
188 1 0.260034064149208 0
189 1 0.6824016701256196 0
190 1 0.3712995001952747 1
191 1 0.37564636868571666 0
192 1 0.3783847092235909 0
193 1 0.20808814597383338 0
194 1 0.6356698910318128 0
195 1 0.581789456567261 0
196 1 0.15850854473606954 0
197 1 0.35088634026561866 0
198 1 0.5167957089321381 0
199 1 0.5889404102610738 0
200 1 0.6713696190612102 0
201 1 0.08468875048847124 0
202 1 0.6805150790383028 0
203 1 0.3540750774722619 0
204 1 0.1083589873372807 0
205 1 0.3799576938516966 0
206 1 0.7592237713454307 0
207 1 0.08425644873690157 0
208 1 0.45689416920387305 0
209 1 0.2934990372488728 0
210 1 0.08021153681807543 0
211 1 0.3752388230821923 0
212 1 0.5070509190439505 0
213 1 0.2340076047695394 0
214 1 0.49371883534126226 0
215 1 0.16830877604128072 0
216 1 0.19912533503763277 0
217 1 0.7388892560421197 0
218 1 0.5837702849696522 0
219 1 0.6231956021044247 0
220 1 0.4205568107164218 0
221 1 0.7282034717036698 0
222 1 0.5107675231515723 0
223 1 0.6865125510805322 0
224 1 0.16992405129335247 0
225 1 0.3137026306069931 0
226 1 0.16015849865678788 0
227 1 0.2764454804799555 0
228 1 0.6790972172938957 0
229 1 0.1674748572007062 0
230 1 0.42459897893902177 0
231 1 0.22422692310256853 0
232 1 0.22607588494516423 0
233 1 0.41435300976322476 0
234 1 0.23548596928267526 0
235 1 0.29495748042118974 0
236 1 0.5169890022662641 0
237 1 0.3916320314300069 0
238 1 0.3305105717207256 0
239 1 0.08129119728003283 0
240 1 0.29171822692753246 0
241 1 0.18987508844419004 0
242 1 0.4454914303349327 0
243 1 0.408698382605317 0
244 1 0.2043086377221314 0
245 1 0.8816938054311636 0
246 1 0.25607903417509414 0
247 1 0.46955574284375867 0
248 1 0.20887158367206582 0
249 1 0.3250401384594411 0
250 1 0.21884235683031308 0
251 1 0.20832822732440515 0
252 1 0.13776177186364613 0
253 1 0.23502705624463488 0
254 1 0.4391664329521114 0
255 1 0.47167388638740243 0
256 1 0.5254630956806644 0
257 1 0.3917222948643705 0
258 1 0.21832023277656062 0
259 1 0.55541631807232 0
260 1 0.5486330251289601 0
261 1 0.17068461988868164 0
262 1 0.40016549701096704 0
263 1 0.4833968870226958 0
264 1 0.16780478493951068 0
265 1 0.4969505366999366 1
266 1 0.2632725014091025 0
267 1 0.24385763643129174 0
268 1 0.19448073242318317 0
269 0 0.8564728672640027 0
270 1 0.4677092959380715 0
271 1 0.3639612282220119 0
272 1 0.07174810997567906 0
273 1 0.24932189043403194 0
274 1 0.24332497951404575 0
275 1 0.05523768252282272 0
276 1 0.4330456440984488 0
277 1 0.18296133054825806 0
278 1 0.5754439663609616 0
279 1 0.5222499154334499 0
280 1 0.22061325811110782 0
281 1 0.14666886649725844 0
282 1 0.4038890955794074 0
283 1 0.6276949008056097 0
284 1 0.39945936192633436 0
285 1 0.3578367798897106 0
286 1 0.1876260597750072 0
287 1 0.4168288511909338 0
288 1 0.5007667632320755 0
289 1 0.5246028866281909 0
290 1 0.3330614653212131 0
291 1 0.3740792161180349 1
292 1 0.6204126115432567 0
293 1 0.6865764011982036 0
294 1 0.3418992909619248 0
295 1 0.11461600033445278 0
296 1 0.5230783050262654 1
297 1 0.4483646875003019 0
298 1 0.21253197999024911 0
299 1 0.1549259101576338 0
300 1 0.4921807408217212 0
301 1 0.3344265468996695 0
302 1 0.6278628624103977 0
303 1 0.2599871125656877 0
304 1 0.4202285554302547 1
305 1 0.46331699599765064 0
306 1 0.7470797356811215 0
307 1 0.6624062183757828 0
308 1 0.29923798951341546 0
309 1 0.24950483325462652 0
310 1 0.395956585310719 0
311 1 0.2891443626592833 0
312 1 0.2954653616320586 0
313 1 0.5168026850603689 0
314 1 0.4770527464931099 0
315 1 0.35242749370619675 0
316 1 0.43458780540681946 0
317 1 0.4011340522851017 0
318 1 0.3045268545433224 0
319 1 0.3208559957830655 0
320 1 0.39918913296645087 0
321 1 0.3829163101805209 0
322 1 0.28546250343318263 0
323 1 0.6051969693082124 0
324 1 0.10330834333070996 0
325 1 0.4554236431108299 0
326 1 0.24274982681734328 0
327 1 0.6068608455799543 0
328 1 0.35058311987051005 0
329 1 0.31244756787047456 0
330 1 0.1985377151626707 0
331 1 0.3613702670878016 0
332 1 0.28153363161784584 0
333 1 0.3263295836366925 0
334 1 0.45212080639743096 0
335 1 0.4774575285095029 0
336 1 0.3111788624919517 0
337 1 0.2915756261379227 1
338 1 0.4578446473780321 0
339 1 0.5930904174514353 0
340 1 0.19007952820810026 0
341 1 0.2930944890777039 0
342 1 0.7468622445225902 0
343 1 0.3566230425644083 0
344 1 0.19320071038036157 0
345 1 0.5030629327351448 0
346 1 0.2168291494751576 0
347 1 0.40931387968619465 0
348 1 0.06999387261490382 0
349 1 0.14931419342042104 0
350 1 0.28748029894434346 0
351 1 0.3239474260961711 0
352 1 0.64919839484295 1
353 1 0.6602766192064843 0
354 1 0.15991113896469614 0
355 1 0.132497722948129 0
356 1 0.17452145042374237 0
357 1 0.39888985207921523 0
358 0 0.9630763750053611 0
359 1 0.2373780649410372 0
360 1 0.3280270628324519 0
361 1 0.2993792684046353 0
362 1 0.6627359807710081 0
363 1 0.1778146155036236 0
364 1 0.4638915630372147 0
365 1 0.1965588431150629 0
366 1 0.4204667490891286 0
367 1 0.244443161080803 0
368 1 0.4825674966206533 0
369 1 0.7950052327487833 0
370 1 0.14059554539672936 0
371 1 0.5036391243770639 0
372 1 0.0645663995569731 0
373 1 0.41936265686599966 0
374 1 0.3461620733803303 0
375 1 0.6393491874639845 0
376 1 0.584771354437527 0
377 1 0.42948118100041377 0
378 1 0.4269792204431989 0
379 1 0.19627441579661423 0
380 1 0.27092322587489026 0
381 1 0.20133651350660756 0
382 1 0.47847552729723214 0
383 1 0.5804773679629884 0
384 1 0.3019696083179929 0
385 1 0.5145625948864441 0
386 1 0.1981768587599284 0
387 1 0.1998756644532959 0
388 1 0.5968688124905822 0
389 1 0.5436171661034284 0
390 1 0.6534149910730968 0
391 1 0.27023512514521597 0
392 1 0.15104194303178084 0
393 1 0.3009600182875303 0
394 1 0.386176850383202 0
395 1 0.22405079717364174 0
396 1 0.24278166953182673 0
397 1 0.3428978178263681 0
398 1 0.5385247097034584 0
399 1 0.501050630425602 0
400 1 0.5060382381558053 0
401 1 0.3044129541608214 0
402 1 0.3917886614138608 0
403 1 0.477079427086901 0
404 1 0.6535430140839497 0
405 1 0.1708361701973189 0
406 1 0.550118003505304 0
407 1 0.14629196688690682 0
408 1 0.26700059340106247 0
409 0 0.7807587150733668 0
410 1 0.45149125114651667 0
411 1 0.23908663736712987 0
412 1 0.46387997591132063 0
413 1 0.40715434964547376 0
414 1 0.11330599403417564 0
415 1 0.5002096576591993 0
416 1 0.12945945384372104 0
417 1 0.4774386502080241 0
418 1 0.26764225470130454 0
419 1 0.41877727376257895 0
420 1 0.30922490171327566 0
421 1 0.28101720572206884 1
422 1 0.37777058259715973 0
423 1 0.3023981689050226 0
424 1 0.2879258854562881 0
425 1 0.3074063707669116 0
426 1 0.37903332290094305 0
427 1 0.15399367999392696 0
428 1 0.5050697888179735 0
429 1 0.32791258959217007 0
430 1 0.1725849893352395 0
431 1 0.5294155480690899 0
432 1 0.874067995519114 0
433 1 0.261822764174322 0
434 1 0.3361988153170809 0
435 1 0.1848996775475523 0
436 1 0.5418758910167311 0
437 1 0.6490590996108623 0
438 1 0.6599662018323368 0
439 1 0.5398007425653887 0
440 1 0.16279379032090474 0
441 1 0.202146900317259 0
442 1 0.2725881831909254 0
443 1 0.1263203831577653 0
444 1 0.5514371249145086 0
445 1 0.42390069504496825 0
446 1 0.07538846772065018 0
447 1 0.40381056532524207 0
448 1 0.27809999635476973 0
449 1 0.5547118485080483 0
450 1 0.19208832545906182 0
451 1 0.4952761956130963 0
452 1 0.5808151862066849 0
453 1 0.3304056966860672 0
454 1 0.28934800358021895 0
455 1 0.4125738399768113 0
456 1 0.399467750672246 0
457 1 0.22427052199645722 0
458 1 0.7511008874645018 0
459 1 0.13562069231373744 0
460 1 0.2487313146443759 0
461 1 0.21203737465842942 0
462 1 0.09665903207090266 0
463 1 0.5775128996363298 0
464 1 0.5774171611761946 0
465 1 0.3387740460282057 0
466 1 0.20803368389962593 0
467 1 0.3320181761334337 1
468 1 0.4907386138438048 0
469 1 0.3877352186711421 0
470 1 0.16212883414224247 0
471 1 0.3533852892164104 0
472 1 0.5731669867923523 0
473 1 0.34972526852610647 0
474 1 0.21487441245307168 0
475 1 0.14097319985219064 0
476 1 0.29071553430930813 0
477 1 0.16944170111286233 0
478 1 0.4330822456185545 0
479 1 0.21808639456532064 0
480 1 0.7173519737339389 0
481 1 0.443785189601728 1
482 1 0.6469270151592897 0
483 1 0.3040534834548495 0
484 1 0.2266145586855656 0
485 1 0.3025732219109257 0
486 1 0.7665687103181111 0
487 1 0.3181742864196659 0
488 1 0.3154654361590143 0
489 1 0.17389960964850976 0
490 1 0.3689965769205269 0
491 1 0.6050330519476395 0
492 1 0.13354765717984934 0
493 1 0.5154700999115849 0
494 1 0.10856204232629973 0
495 1 0.3235269441511462 0
496 1 0.3986983523878974 0
497 1 0.24863973626765995 0
498 1 0.4503910377882526 0
499 1 0.4141761821753929 0
