0 1 0.9394778982090973 1
1 0 1.0000000000318192 0
2 1 1.0000000000003282 1
3 1 0.9465526160026609 1
4 1 0.9169844635522447 1
5 1 0.5759554305144555 1
6 1 0.9915464687859049 1
7 0 1.0000000001432165 0
8 0 1.0000000006130727 0
9 1 0.9214267112651734 1
10 0 1.0000000356010068 0
11 0 1.0000000000003855 0
12 1 1.0000000387339387 1
13 1 1.0000000089486214 1
14 1 0.9910607481191803 1
15 1 1.0000000025494475 1
16 1 0.8849700730499144 1
17 1 1.0000000000009042 1
18 0 1.0000000000001796 0
19 1 1.0000000000006604 1
20 1 1.000000000059422 1
21 1 1.000000013250618 1
22 1 1.0000000000341425 1
23 1 0.9361965782797246 0
24 1 0.9628669429362496 1
25 1 0.9603060261183246 0
26 1 0.9716713525348845 1
27 1 0.9776243166397983 1
28 1 0.8251909349341991 1
29 0 1.0000000005819019 0
30 1 1.0000000001511817 1
31 1 1.0000000007939005 1
32 1 0.9829407988742701 1
33 1 0.8760493212485122 1
34 1 1.0000000000003446 1
35 1 1.0000000003279308 1
36 1 0.9585201748986891 1
37 1 0.7599138545824652 1
38 1 0.871949386126544 1
39 1 0.7424257039412229 0
40 0 1.000000031674149 0
41 0 1.0000000015183395 0
42 1 0.7560394953768617 1
43 0 1.0000000000000697 0
44 1 1.0000000000168465 1
45 1 0.9845603577269378 1
46 1 0.9493071723824783 1
47 0 1.000000000003907 0
48 1 0.9976594205160592 1
49 1 0.980422821086661 1
50 0 1.0000000000271103 0
51 0 0.9524194328252368 0
52 1 0.7441829336424856 0
53 1 0.8571872702823968 1
54 1 0.9568743045646262 1
55 1 0.8238688983018233 1
56 1 1.0000000047143967 1
57 1 0.7330555460498975 1
58 0 1.0000000000017408 0
59 1 1.000000000018168 1
60 1 0.9546736741882178 1
61 1 0.9817150494680091 1
62 1 0.9434287169205433 1
63 1 0.9471835022865517 1
64 1 0.8911070301853465 0
65 1 0.8940472171630647 1
66 1 0.8557152206426788 0
67 1 0.7960879237115908 1
68 1 0.821286197867428 1
69 1 0.8536536201213529 0
70 1 1.0000000000025548 1
71 1 1.000000000024044 1
72 0 1.0000000000000027 0
73 1 0.9576739440873426 1
74 1 0.8523807759087662 1
75 1 0.8973808950956315 0
76 1 0.8126685806706031 1
77 1 1.0000000003568903 1
78 1 0.7801236602045574 1
79 1 1.0000000284596942 1
80 0 1.0000000000044358 0
81 1 0.9991189900037957 1
82 1 0.908519649982567 1
83 1 0.9361844513587657 0
84 1 0.8126822763739843 1
85 1 1.0000000000052973 1
86 1 0.8761219361063549 1
87 1 0.8854697631775683 1
88 1 0.8156487307500774 1
89 1 0.8619013168443318 1
90 1 0.7399865948036995 1
91 1 0.8863238291138246 1
92 0 1.0000000000007192 0
93 1 0.8926637576111042 1
94 1 0.7920424412899012 1
95 1 0.9181102712666166 1
96 1 0.7476815370945271 1
97 1 0.9264211971442589 1
98 0 1.0000000034563805 0
99 1 0.9387880865080663 1
100 1 0.7081092890296665 1
101 0 1.0000000001158158 0
102 1 0.9419295780503433 1
103 0 0.7490919858994529 0
104 1 0.9804907405396601 1
105 1 0.7389731876437501 1
106 1 0.9914823894734244 1
107 1 0.8514451568544437 1
108 0 1.0000000000971547 0
109 1 1.0000000000043558 1
110 1 0.8037978112674115 1
111 1 0.990677929211246 1
112 0 0.9582254154219665 0
113 1 0.9555094668287927 1
114 0 1.0000000003232972 0
115 1 0.9927628320892119 1
116 1 0.8593656429071928 1
117 1 0.8907925274340883 1
118 1 1.000000000003977 1
119 0 0.9134467878086184 0
120 1 0.9598600267488483 1
121 1 0.9049624378027696 1
122 0 0.9885040349066286 0
123 1 0.9290877564595624 1
124 1 0.689495527466169 1
125 1 1.000000000006433 1
126 0 1.0000000053137132 0
127 1 0.8165215934525367 1
128 1 0.9633911572440382 1
129 1 0.8933782339728561 0
130 1 0.9897097023867306 1
131 1 0.8995629821548766 1
132 0 1.0000000005522414 0
133 1 0.8423943717727987 0
134 1 0.9782269610389983 1
135 1 1.0000000009726766 1
136 1 1.0000000001814386 1
137 1 0.8362910948672411 0
138 1 0.932358438297553 0
139 1 0.8268384945040382 1
140 1 1.0000000001356912 1
141 1 1.000000000022718 1
142 1 0.9901526074159833 1
143 1 0.9652632212397451 1
144 1 0.959394806052595 1
145 1 0.911660378444747 1
146 1 0.9632067786464323 1
147 1 1.0000000014442925 1
148 1 0.7178449279176002 1
149 0 0.9873024763669145 0
150 1 1.0000000000498526 1
151 1 1.000000001540745 1
152 1 0.8427503880681465 0
153 1 0.8187524555562035 0
154 1 0.9469385624887182 1
155 1 0.959628099443214 1
156 1 0.9263701294676615 1
157 1 0.8733141580421888 0
158 0 1.000000001747297 0
159 1 1.0000000071265316 1
160 1 0.6171580707971831 1
161 1 0.9996535903818009 1
162 1 0.887410202305786 1
163 0 0.9072810899429278 0
164 1 0.9687540308512077 1
165 0 1.000000018148234 0
166 1 1.0000000016209267 1
167 1 0.9535668419096643 1
168 1 0.9440639326479162 1
169 0 1.0000000007163266 0
170 0 1.0000000003092167 0
171 1 0.860781468093065 1
172 0 0.9894483980543877 0
173 1 0.6325659760326656 1
174 0 0.9893254342666683 0
175 1 1.000000023747337 1
176 0 1.00000000000048 0
177 1 1.0000000000032236 1
178 0 1.0000000000021259 0
179 1 0.9379561918465735 0
180 0 0.9888673521604112 0
181 0 1.0000000000086424 0
182 1 0.9226109245611444 1
183 1 0.9263956292871889 1
184 1 1.000000000308838 1
185 1 0.7828933101816414 1
186 0 1.0000000000048812 0
187 1 0.8467574893647414 1
188 0 1.0000000000032399 0
189 1 0.9983621631869443 1
190 0 1.000000000020218 0
191 1 0.9112284733557314 1
192 0 1.000000000003879 0
193 0 0.9784016526820118 0
194 1 0.9999999999999801 1
195 1 0.7363955348752388 1
196 1 1.0000000011953498 1
197 0 0.9497439707073024 0
198 1 0.923758530826883 0
199 0 1.0000000347009046 0
200 1 0.9020330712047014 1
201 1 1.0000000000111493 1
202 1 0.9449328219374793 1
203 1 0.9366036191181025 1
204 0 1.0000000001662273 0
205 0 1.0000000001186244 0
206 0 0.9735741049089712 0
207 1 1.0000000000111768 1
208 1 0.9479224998507797 1
209 1 0.8200728220802477 1
210 1 0.6951564000693123 1
211 0 1.0000000002702916 0
212 1 0.7798198440384633 1
213 0 1.0000000000007556 0
214 0 1.000000003216008 0
215 1 1.0000000000006737 1
216 1 1.0000000000011844 1
217 1 0.973127424282876 0
218 1 0.9000673265799736 1
219 0 1.0000000010456187 0
220 1 0.7334484721645919 1
221 1 0.8931131960874025 1
222 1 0.6879969411860744 0
223 1 0.7231839677975854 0
224 0 0.9417855870590239 0
225 1 0.986467452396269 1
226 1 1.0000000000019624 1
227 0 1.0000000000000109 0
228 1 1.00000000005925 1
229 1 1.000000000003289 1
230 1 0.8830223111929817 1
231 1 0.8705195119708518 1
232 1 0.9586686943062322 1
233 1 0.9731877897043133 0
234 1 1.000000000017273 1
235 0 1.0000000093087353 0
236 1 0.7711564649643723 1
237 1 0.9996302317650486 1
238 0 1.0000000124632862 0
239 1 1.0000000000412645 1
240 1 0.8173050553786808 0
241 1 0.9241466488108344 1
242 1 0.8927552086156022 1
243 0 1.0000000000000515 0
244 1 0.983341616029475 1
245 0 1.0000000124112045 0
246 1 1.000000000095131 1
247 0 1.0000000002654192 0
248 1 0.792618497626773 1
249 1 0.7569067279716564 0
250 0 0.9943491175798511 0
251 1 0.7062079619441943 1
252 1 0.9055577129396268 0
253 1 0.8913041757163691 1
254 1 0.6902163420756755 1
255 1 0.8869094673126081 1
256 0 0.9156870359769088 0
257 1 0.996612219968164 1
258 1 0.9534116338408287 1
259 0 0.9972874238948644 0
260 1 0.8927720382170615 1
261 1 0.9975914834766956 1
262 1 0.6765636851566219 1
263 1 1.0000000000015081 1
264 1 1.000000000007462 1
265 1 0.7397960547942456 1
266 1 0.897362039199343 1
267 1 0.8875344794387323 1
268 0 1.0000000063274974 0
269 0 1.0000000000007587 0
270 0 1.0000000000028442 0
271 1 1.0000000000049691 1
272 1 1.0000000243900795 1
273 0 1.0000000257367383 0
274 0 0.7848775570566474 0
275 1 0.8811474301004696 1
276 1 0.9899409107421763 1
277 0 1.0000000000017397 0
278 1 1.0000000000201905 1
279 1 0.9230782198442873 1
280 1 0.8875620476063991 1
281 1 1.0000000000042806 1
282 1 0.9300451669432622 1
283 0 1.00000000002105 0
284 1 0.8124251563105731 1
285 1 1.0000000000034006 1
286 1 1.0000000000005536 1
287 1 1.000000000019525 1
288 1 0.9325470224843625 1
289 1 0.8001068898908241 1
290 1 0.976351335578234 1
291 0 1.0000000069706814 0
292 1 1.0000000001113232 1
293 0 1.000000000836822 0
294 1 0.8304576926476759 1
295 1 1.0000000000001943 1
296 1 0.8234520820552607 1
297 1 0.7808222251809211 1
298 0 1.0000000000006706 0
299 1 1.0000000000003542 1
300 1 0.9123226730265696 1
301 1 1.0000000085368348 1
302 0 1.0000000050912645 0
303 0 1.0000000000015463 0
304 1 1.0000000000240847 1
305 0 0.9485446077105902 0
306 1 0.9169207886593214 1
307 1 1.000000030106539 1
308 0 0.9394900138494436 0
309 1 0.9713242784616739 1
310 1 1.0000000000070128 1
311 0 1.0000000000001386 0
312 1 1.0000000003814713 1
313 1 0.87287461758341 1
314 0 1.0000000000002658 0
315 1 1.0000000000059115 1
316 1 0.8453285198978441 1
317 1 0.966780185982944 1
318 0 1.0000000164076774 0
319 1 1.0000000000184663 1
320 1 0.9804402343511408 0
321 1 0.8648372758950414 1
322 0 0.9490186213278752 0
323 0 1.0000000000049756 0
324 1 0.8123562056630375 0
325 1 1.0000000000022928 1
326 1 0.9424985990541317 1
327 1 0.9205099503194591 1
328 1 0.8442437108299672 1
329 0 1.0000000000028328 0
330 1 0.9951216727118367 1
331 1 0.7135406350940253 1
332 1 0.6861161398366116 1
333 1 0.8309504655829423 1
334 1 0.9246665086526192 1
335 1 1.0000000000061482 1
336 0 1.0000000000014948 0
337 0 0.8280333318844678 0
338 1 1.0000000272885674 1
339 1 0.9250047378638766 1
340 1 0.9026087478282678 1
341 0 1.0000000000005909 0
342 0 1.0000000005447671 0
343 1 0.9848538342070826 1
344 1 0.7820291703642827 1
345 1 0.6880925297366578 1
346 1 0.9265753227374857 1
347 1 1.0000000001510212 1
348 1 1.0000000000003113 1
349 1 0.8557594400576835 1
350 1 0.8839987595443256 0
351 1 0.9090065727825652 0
352 1 0.8245652764510946 1
353 1 0.8818145244309328 1
354 0 1.0000000000480413 0
355 1 0.9560999607046289 1
356 1 0.8759699290127139 0
357 1 0.9685769251521305 1
358 1 0.8261572815872431 1
359 0 1.000000020433919 0
360 0 1.000000007973543 0
361 1 0.9518750581304589 1
362 0 0.9643417596236571 0
363 1 0.9158379813030056 1
364 1 1.000000000001498 1
365 0 0.9985686496295224 0
366 1 0.9550592666546948 1
367 0 1.000000000000327 0
368 0 0.8908738351189178 0
369 1 0.8792876529095813 1
370 1 1.000000006509502 1
371 0 0.8179240759407288 0
372 1 0.7946323698266441 1
373 1 0.7646143144496225 1
374 1 0.8920024703116 1
375 0 1.0000000131940403 0
376 1 0.8734917386495726 1
377 1 0.9902278750853499 1
378 1 1.000000001077653 1
379 0 0.9971542346148579 0
380 1 0.9512151201971515 1
381 1 1.0000000003349108 1
382 1 0.8058338822808706 0
383 1 1.0000000000082074 1
384 1 0.8805707990969622 1
385 0 1.0000000403426035 0
386 1 0.7700872570410077 0
387 1 0.8407368326465156 1
388 1 0.9967531370256205 1
389 0 0.9443829753687152 0
390 0 0.8914467875588299 0
391 1 0.935219768263596 1
392 1 0.9381939051741535 1
393 1 0.8804217488187351 0
394 0 1.0000000041655468 0
395 1 1.0000000000688358 1
396 0 0.8058437594105451 0
397 1 0.7889178987528211 0
398 0 1.000000000001575 0
399 1 0.9714417751188591 1
400 1 1.0000000229181591 1
401 1 0.7646635089094196 1
402 0 1.0000000000336113 0
403 1 0.9004024101701172 1
404 1 0.9306646455525844 1
405 1 1.0000000003173761 1
406 0 1.000000000494831 0
407 1 1.000000004106878 1
408 0 1.0000000394208064 0
409 1 1.000000013618737 1
410 1 0.7250420474347175 0
411 1 0.916766799250149 1
412 1 0.9936075488236566 1
413 1 0.8792177269713373 0
414 0 1.00000000350362 0
415 0 1.000000013680152 0
416 0 1.0000000022414515 0
417 1 0.9249490858671974 0
418 0 1.0000000000000124 0
419 1 0.9867960195093882 1
420 1 0.8815908585372384 1
421 0 1.0000000000000169 0
422 1 1.0000000000841809 1
423 1 1.000000000117588 1
424 0 1.000000000000433 0
425 1 0.7009865020393514 0
426 0 1.0000000000027631 0
427 1 1.000000000020471 1
428 1 0.9103963053759097 1
429 1 0.9606155144758403 1
430 1 1.0000000000004718 1
431 1 0.8975764845984749 0
432 1 0.9378806541098357 1
433 0 0.9787615357980071 0
434 0 1.0000000000123748 0
435 1 0.9457657903750711 1
436 1 0.9616508778386264 1
437 1 0.8961819340644848 1
438 1 0.7177480851487636 1
439 0 1.0000000000010296 0
440 1 0.7685317248923202 0
441 1 1.0000000000011269 1
442 1 0.820184197046415 1
443 1 1.0000000000022617 1
444 1 0.9415192859274828 1
445 1 0.8175995227564111 1
446 1 1.0000000005161178 1
447 0 1.0000000098873632 0
448 1 0.9334259974432915 1
449 1 0.9017597246361713 1
450 1 0.9731848256896058 1
451 1 1.0000000000004696 1
452 1 1.0000000002371654 1
453 1 0.9082853873245335 1
454 1 0.9431297339031197 1
455 0 0.9791495925309094 0
456 1 0.8383224711410683 1
457 1 1.000000000708803 1
458 1 0.8977919215141669 1
459 1 1.0000000011399353 1
460 1 0.8787139134916595 1
461 1 1.0000000005823044 1
462 1 0.8956983958746435 1
463 1 0.8216346826029165 1
464 1 0.9712628181466606 1
465 1 0.8487910126028656 1
466 1 1.0000000129004527 1
467 0 1.0000000001709568 0
468 1 0.8002772610369056 1
469 1 0.9256453081329201 1
470 1 0.901422946289167 0
471 1 0.7053777832471496 1
472 1 0.9201124222885362 1
473 0 1.0000000000383653 0
474 1 0.8917322333294734 1
475 1 0.7631273796089681 0
476 1 0.8989209054394337 1
477 1 1.0000000002697667 1
478 0 0.7916127639682095 0
479 0 0.9727711473489865 0
480 1 0.9858495715620372 1
481 1 1.0000000043464305 1
482 0 1.000000000600467 0
483 1 1.0000000000223426 1
484 0 1.0000000009568988 0
485 0 1.0000000001357798 0
486 1 0.9138125871830862 1
487 0 1.0000000009844003 0
488 0 0.9244767810773578 0
489 1 0.8449303517728122 1
490 0 1.0000000086468577 0
491 1 1.000000000002209 1
492 1 0.8760799048375721 1
493 1 0.7830702461559259 1
494 1 0.9536445018516336 1
495 1 0.9506925227572105 1
496 1 0.8740493575449629 1
497 1 0.86258636686218 1
498 1 1.0000000168055743 1
499 1 0.9817971463243764 1
