0 1 0.936582723797995 1
1 1 0.6579287252582968 1
2 1 0.9930197190493978 1
3 0 1.0000000126532895 0
4 1 0.7356736122261727 0
5 1 0.8100476262969976 1
6 1 0.8089924404750336 1
7 1 0.9674064815559013 1
8 1 0.90426238162108 0
9 1 0.871423182044465 1
10 0 1.0000000000002043 0
11 1 0.9899051595069742 1
12 0 1.0000000004115643 0
13 1 0.9139126133365728 1
14 1 0.9380169891897263 1
15 1 0.7564822253710904 1
16 0 1.0000000000007345 0
17 1 0.880429784523061 1
18 1 1.000000000055587 1
19 1 0.6492792589320141 1
20 0 0.9898565724203215 0
21 1 1.000000000007765 1
22 1 0.948227197588093 0
23 1 0.900152122137389 0
24 1 0.7477173576077322 1
25 1 0.9956688722216879 1
26 1 1.000000000287555 1
27 1 0.8698449610862672 1
28 1 1.0000000002149458 1
29 0 0.890873865206808 0
30 0 1.000000000556301 0
31 1 0.9521677034436533 1
32 1 0.6116082756642949 1
33 1 0.8791416908094365 1
34 1 0.8668905619649301 1
35 1 1.0000000000011875 1
36 1 0.8252023538173184 0
37 1 0.887749409361143 1
38 1 0.8736803628850597 1
39 1 0.7994313239026929 0
40 0 1.0000000162235942 0
41 1 1.0000000027447193 1
42 1 0.9610769654378821 1
43 0 1.0000000001605631 0
44 0 1.0000000002696705 0
45 1 0.9833489434812486 1
46 0 1.0000000011535766 0
47 1 0.9751937521366804 1
48 0 0.8436598800070536 0
49 0 1.0000000000000109 0
50 1 0.792715216366212 0
51 1 0.6950659785569094 1
52 1 1.0000000003855636 1
53 0 0.9839202865449368 0
54 0 1.0000000000034082 0
55 1 0.9834868616782853 1
56 1 0.9951970791677761 1
57 1 1.0000000000012652 1
58 0 1.0000000000029323 0
59 1 1.000000000179773 1
60 1 0.8958274271791589 1
61 0 1.000000000002929 0
62 1 0.9036981742019166 1
63 0 1.000000000001689 0
64 0 1.000000006443939 0
65 0 1.0000000000008054 0
66 1 0.9386305388421555 1
67 1 1.000000000010701 1
68 1 0.8966754062407957 1
69 1 0.8911904122801065 1
70 1 0.867507427340683 1
71 1 1.000000001852175 1
72 1 1.0000000000218083 1
73 1 0.8790453167238744 0
74 1 0.8422884792380042 1
75 1 0.8760345563480417 1
76 0 0.94263698504212 0
77 1 0.9800485422902254 1
78 1 0.9375418231580047 1
79 1 0.969383111836635 1
80 1 1.0000000000239655 1
81 0 1.000000002937574 0
82 1 0.8529184862476054 1
83 1 0.931972999517845 1
84 1 0.6928863407110358 1
85 0 1.0000000000037788 0
86 1 0.9444980952881322 1
87 1 0.8830334119293295 1
88 0 1.000000000112061 0
89 1 0.8945211757061502 1
90 1 0.9146596037711279 1
91 1 0.9334088283727947 1
92 1 0.9542872843796627 1
93 1 0.9926235771664615 1
94 0 1.0000000000935554 0
95 1 0.8048987380369155 1
96 0 0.9571786414947792 0
97 1 0.8209462708483952 1
98 0 1.000000009286089 0
99 1 0.6909347052439142 1
100 1 0.8698159079221408 1
101 1 0.9533323005671946 1
102 1 0.9148547246497941 1
103 1 0.915749413660767 1
104 1 0.9762789934743056 1
105 1 0.7945390609087922 1
106 0 0.9771158844978038 0
107 0 0.9952874269882656 0
108 0 1.000000000348714 0
109 1 0.9520084326245357 1
110 1 1.0000000000003373 1
111 0 0.9482598369534636 0
112 1 0.9265268561794535 0
113 1 0.9195874294127594 1
114 1 0.7956616580476478 1
115 1 0.915482093505986 0
116 1 0.8866942757111353 1
117 1 0.7376977564073065 1
118 1 0.9818050079934705 1
119 1 0.7018228917692464 1
120 0 1.0000000000084959 0
121 0 1.0000000000056628 0
122 0 1.000000000544232 0
123 1 1.0000000000029132 1
124 1 1.0000000000012172 1
125 1 1.0000000060055225 1
126 1 1.0000000000057894 1
127 1 0.9056853815547761 1
128 1 0.9452891332488305 0
129 1 0.9999999999999836 1
130 1 0.9335610958603273 1
131 1 0.9822915643292983 1
132 1 0.8926930204343919 1
133 1 1.000000000263066 1
134 1 0.9579037497578193 1
135 1 0.9227412719221262 1
136 1 0.875029249854566 1
137 1 0.9899657906695251 1
138 1 0.7162710121273831 1
139 1 0.6034739808815941 1
140 0 0.9982428982530843 0
141 1 0.8280690649888499 1
142 1 0.9562401219721371 1
143 1 0.8602964712252046 1
144 1 0.908077396985774 0
145 1 0.9744360949916099 1
146 1 0.8612572610749976 1
147 0 1.0000000000028546 0
148 0 1.0000000000016989 0
149 1 0.9181300221742456 1
150 1 0.8800086924638726 0
151 1 1.0000000000057638 1
152 1 0.8901079345351872 1
153 1 0.93327259905988 1
154 0 1.0000000000152705 0
155 1 1.000000000149797 1
156 1 1.000000003238219 1
157 1 0.9958286409613297 1
158 1 1.0000000069814998 1
159 0 1.000000000233356 0
160 1 0.6887076888797957 1
161 0 0.824607771342287 0
162 1 0.9046688494726493 1
163 1 0.9174488139630544 1
164 1 0.833112236728064 0
165 0 0.934128127245372 0
166 1 0.9287951924960051 0
167 1 0.9005050202295883 0
168 1 0.8836374000602064 0
169 1 1.0000000000014457 1
170 1 0.9737170424426115 1
171 1 0.8963652849311438 1
172 1 0.898003870861829 1
173 1 0.9406154092867127 1
174 1 1.0000000090690424 1
175 1 0.9304213123940697 1
176 1 0.9446370670255381 1
177 1 0.9641947793307526 1
178 1 0.9870380017043263 1
179 1 0.8712901411203614 1
180 1 0.9591327908512615 1
181 1 0.9278002191089239 1
182 1 1.0000000000589306 1
183 1 1.0000000008199323 1
184 0 1.000000008411082 0
185 0 0.9891816046296232 0
186 0 0.9477536266703731 0
187 1 0.9910754757607442 1
188 1 1.0000000211093425 1
189 1 0.8987944694100103 1
190 1 1.0000000000000273 1
191 1 0.8700434180950627 1
192 1 0.9796414194821068 1
193 0 1.0000000014750245 0
194 1 0.9842196129249171 1
195 1 0.9861290660798986 1
196 1 0.7893613943443927 1
197 1 0.9577008180048411 1
198 1 0.866019200925219 1
199 1 0.9618522588475666 1
200 0 1.0000000000031277 0
201 1 0.7218566730035658 1
202 0 0.9859234103615677 0
203 1 0.8059490725529094 1
204 1 1.0000000000034737 1
205 1 0.9103110520526925 1
206 1 1.0000000000360667 1
207 1 0.8904953278653639 1
208 1 0.974639996632752 1
209 1 0.9210670084593497 1
210 1 0.7786434758444082 1
211 1 0.8662800470826204 0
212 1 1.0000000004463054 1
213 1 1.000000000000151 1
214 1 1.0000000000062506 1
215 1 0.9531034407990812 1
216 0 0.9620732405745853 0
217 1 0.881891649111297 1
218 0 1.0000000037090773 0
219 1 0.7494081861466171 1
220 1 0.7024681901613593 1
221 1 0.9479138215886593 1
222 1 0.9016344478613966 1
223 1 0.7793748543631456 1
224 0 0.9003402615368249 0
225 0 0.9945914658191279 0
226 0 1.0000000000070415 0
227 1 0.8687478387436562 0
228 1 1.000000020486857 1
229 0 0.9888718863823738 0
230 1 0.9397531739345556 1
231 1 0.9326796805941924 1
232 0 1.0000000009089045 0
233 1 0.9269391452414731 1
234 0 0.9957235678455442 0
235 0 1.0000000008761243 0
236 1 0.8390929343393558 1
237 1 0.773540395319432 0
238 1 0.950183037622058 1
239 1 0.9580983183578289 1
240 1 0.8667491814137525 0
241 1 0.948394719713676 1
242 1 0.9932827217585251 1
243 1 0.7065055166907988 1
244 1 0.9264938327662157 1
245 0 0.9167681814514947 0
246 1 0.7541596621535306 1
247 1 1.000000008227762 1
248 0 1.0000000000010778 0
249 0 0.8638593318327787 0
250 1 0.9626176710383938 0
251 0 1.0000000000000024 0
252 1 1.0000000000017333 1
253 0 0.7828184275700905 0
254 1 0.9421097723770444 1
255 0 1.0000000145539476 0
256 1 0.9930693339413471 1
257 1 1.000000009851441 1
258 1 0.9971870127341158 1
259 1 0.9024408617826728 1
260 1 0.8460868823779089 1
261 1 1.0000000000018456 1
262 1 0.9576978586186362 1
263 0 1.0000000000045357 0
264 1 0.9270887332234201 1
265 0 0.9995911305279186 0
266 1 0.9074075166821777 1
267 1 0.8718748650616219 1
268 0 0.9807352380592522 0
269 1 0.7197315893798365 1
270 1 1.0000000000027647 1
271 1 0.7985796886459221 1
272 0 0.9905849612359406 0
273 1 0.871499654643986 1
274 1 1.0000000001150189 1
275 0 1.0000000000012033 0
276 1 1.0000000000671168 1
277 1 0.9566011745051184 1
278 0 0.8682457637647555 0
279 1 0.6622552369117233 0
280 1 1.0000000002367422 1
281 1 1.0000000000007045 1
282 1 1.0000000000091112 1
283 1 0.7756870727548266 1
284 1 0.9833695756684084 1
285 1 1.000000000069012 1
286 0 0.999658700524129 0
287 1 1.0000000007084011 1
288 1 0.8559304706575814 0
289 1 0.9281884341591815 1
290 0 0.9353417477844262 0
291 1 0.8034436379436931 1
292 1 1.00000000465707 1
293 1 0.8643597591928506 0
294 1 1.0000000087440253 1
295 1 0.7951859160289603 0
296 1 1.0000000002298914 1
297 1 0.9101714025527219 1
298 0 1.0000000000943063 0
299 1 0.9585626107739516 0
300 0 1.0000000000000204 0
301 1 0.8251587246228808 1
302 1 0.8474011800450638 1
303 1 0.8389000175140132 0
304 1 0.9488835957724454 1
305 1 0.9610785247423352 1
306 0 1.0000000000050413 0
307 1 0.8817682175721104 1
308 0 0.8564090790606409 0
309 1 0.9869440882268854 1
310 0 1.0000000000055518 0
311 0 1.000000000412 0
312 1 0.8256568008979748 1
313 1 1.0000000111678813 1
314 1 0.9347465319940134 1
315 1 1.000000010530806 1
316 1 0.7983711611154374 1
317 1 0.9081224874548239 1
318 1 0.6951493577541495 0
319 0 0.9103763641656453 0
320 1 0.9769851700036203 0
321 1 1.000000000000672 1
322 1 0.9247779533290781 1
323 0 1.0000000093870076 0
324 0 0.9603009367304232 0
325 1 1.000000005328041 1
326 0 1.0000000071210415 0
327 1 1.0000000063461487 1
328 1 1.0000000024213793 1
329 0 0.9987911399332886 0
330 1 0.948361258093374 1
331 1 0.8967847192286785 1
332 0 1.000000000001674 0
333 1 1.0000000033996148 1
334 1 0.980763184045148 1
335 1 0.9551386869489529 1
336 1 0.8678333416751849 1
337 1 0.8837073393497173 1
338 1 0.905194103170112 0
339 1 1.0000000024674311 1
340 0 0.9816463014076625 0
341 0 1.0000000008862813 0
342 1 0.9587936232776371 1
343 1 0.9737947191625708 1
344 1 0.8474224945883025 1
345 1 0.9611650404462082 1
346 0 0.8980365365938836 0
347 0 1.0000000000060458 0
348 1 0.9630985238956316 0
349 1 0.9272999892161267 0
350 1 0.7621803662709511 1
351 1 0.9615684430284834 1
352 1 1.000000011971168 1
353 1 0.9609396420344883 1
354 0 1.0000000305481502 0
355 1 0.9002668475023967 1
356 0 0.9969327038411234 0
357 1 0.9091223474981304 1
358 0 1.0000000005108094 0
359 1 0.9247694005073341 1
360 1 0.9460329800172209 0
361 1 0.9971942728181873 1
362 1 0.8333611194663725 1
363 0 0.9572368426783985 0
364 1 0.9688490607969664 1
365 1 1.000000000004995 1
366 1 1.0000000000011902 1
367 1 0.9485208250977102 1
368 1 0.8168860231543263 1
369 1 0.8317273446514946 0
370 1 0.9380246629543942 1
371 1 0.943080085211169 1
372 1 0.8297461732991153 1
373 0 1.0000000245112135 0
374 1 0.8511307834046887 1
375 0 1.0000000173885806 0
376 1 0.7789164952225497 0
377 0 1.0000000004443692 0
378 1 0.8533782838007066 1
379 0 1.0000000015358395 0
380 1 0.8383652721494986 1
381 0 0.8362716237937837 0
382 1 0.9659437571141265 1
383 1 0.9211896976317548 1
384 1 0.8207708829322752 0
385 1 0.749421579318173 0
386 1 0.9551236314621403 1
387 1 1.0000000022478694 1
388 1 0.8667312031977256 1
389 1 0.9607504740405458 1
390 1 1.0000000025785445 1
391 1 0.9426542536171657 1
392 0 1.0000000134974465 0
393 0 1.0000000000046299 0
394 1 0.8989580185235423 1
395 0 1.0000000000000544 0
396 0 1.000000000004813 0
397 1 0.9344824435842972 1
398 0 1.000000000001792 0
399 1 0.9273564652572501 1
400 1 0.9809889300487935 1
401 0 1.0000000003119502 0
402 1 0.6009004481102603 1
403 1 0.9152980665196484 1
404 1 0.927751971770272 1
405 1 0.9004406831575074 0
406 1 0.9860360385975272 1
407 1 0.872251207056353 0
408 1 0.8871126652899165 1
409 1 0.9902961174461651 1
410 1 0.8848351922290656 1
411 1 0.8277977057359723 1
412 1 0.7402898202676098 1
413 0 0.99652702887137 0
414 0 1.0000000000630476 0
415 1 0.6607116887450609 1
416 1 0.9351983335559676 1
417 0 0.9200701444780155 0
418 1 0.8574601190049527 1
419 1 0.8421331000723176 1
420 1 0.9036367168122714 1
421 1 1.0000000280041152 1
422 1 0.9929451083755118 1
423 0 1.000000000013505 0
424 1 0.9959814463308293 1
425 1 0.7163550069245658 1
426 1 0.9410517502027056 1
427 1 1.0000000024894207 1
428 1 0.8192928212859505 0
429 0 1.0000000000001081 0
430 0 0.9911351880142192 0
431 1 0.8863133454615268 1
432 0 1.0000000021747404 0
433 1 1.0000000001385028 1
434 0 1.000000000032406 0
435 1 1.000000000014362 1
436 0 1.0000000004129963 0
437 1 0.8581903663366757 1
438 0 0.9541676302746314 0
439 1 0.860260447790741 1
440 1 0.9889852724515703 0
441 1 0.8871809334491818 1
442 1 0.94176493808683 1
443 1 0.9266194106924186 1
444 1 0.9968044040138228 1
445 1 0.7193689273903521 1
446 0 1.000000000078905 0
447 0 1.000000014234101 0
448 0 1.0000000000032154 0
449 1 1.000000000063874 1
450 1 1.0000000006506022 1
451 1 0.9267104182775603 1
452 1 0.9943830362485275 1
453 1 0.8247079630329719 1
454 1 0.63032986968448 1
455 1 1.0000000102362272 1
456 1 1.000000019129323 1
457 0 1.000000004041966 0
458 1 0.8293603617134406 1
459 1 1.000000024163294 1
460 1 1.0000000025801152 1
461 1 0.743901351087694 1
462 0 1.0000000209763884 0
463 1 0.9669334985443165 0
464 0 1.0000000000053935 0
465 1 1.0000000000048366 1
466 1 1.000000000000531 1
467 1 1.0000000116464038 1
468 1 0.9156143942215084 1
469 0 0.954352544020343 0
470 1 0.8143706390878355 1
471 1 0.9564588587883123 1
472 0 1.0000000000067057 0
473 1 1.0000000086237304 1
474 1 0.9821073202890195 1
475 0 1.0000000023696414 0
476 1 0.7428351101598506 1
477 1 0.9467018278990017 0
478 1 0.8085686108033502 1
479 1 0.9041950296205606 1
480 1 0.7367681640464684 1
481 0 1.0000000000069489 0
482 1 0.9065890076937251 1
483 1 1.0000000005489647 1
484 1 0.9978477032740984 0
485 1 0.66661300944216 1
486 0 0.9499505009902934 0
487 1 0.8615239118550747 0
488 1 0.8838722725745038 1
489 1 0.986414317848597 1
490 1 0.8448484007977278 1
491 1 0.9227566516495771 0
492 1 0.881193667219805 1
493 1 1.0000000001250313 1
494 0 0.9509057812701514 0
495 0 0.9489180442994697 0
496 1 0.7754654560938892 1
497 0 1.0000000005727927 0
498 1 0.94563408393305 1
499 1 0.9902062905248814 1
