0 1 0.9941973311048268 1
1 1 0.9034463299252835 0
2 1 0.9632056938938325 1
3 0 1.0000000105218898 0
4 1 0.7634409300491795 1
5 0 1.0000000000371734 0
6 1 1.0000000094105754 1
7 1 0.8548146936105508 1
8 1 0.9962668807442188 1
9 1 1.0000000158254525 1
10 0 1.0000000000020155 0
11 1 0.9348565442273006 1
12 1 0.8418744039431592 1
13 1 0.9675710178791729 1
14 1 1.0000000351942933 1
15 1 1.0000000000350098 1
16 1 0.9554638074888699 1
17 1 0.830240243852705 1
18 0 1.0000000388939856 0
19 1 0.816898856207795 1
20 1 0.8479692586452168 1
21 1 0.9141402929769489 1
22 1 0.9360913573744449 1
23 1 0.8845061541025911 1
24 0 1.0000000202529358 0
25 1 0.8381663455017614 1
26 1 0.9881071889018258 1
27 0 1.0000000000012204 0
28 1 0.8174652469739394 1
29 1 0.9546847926632369 0
30 0 0.7486610600012089 0
31 0 0.9489695636773832 0
32 1 0.934172330606284 1
33 1 1.0000000000361298 1
34 1 0.9271045035865485 1
35 1 0.9727566010727071 1
36 1 1.0000000309701322 1
37 1 0.8542197031182578 1
38 1 1.0000000040655321 1
39 1 0.8167545233840277 1
40 0 1.000000000004455 0
41 1 0.9465656691316435 0
42 1 1.000000000096237 1
43 0 1.000000000003471 0
44 1 0.919670774408268 0
45 1 0.9534870539885096 1
46 1 0.7783286964114217 1
47 1 1.000000000035139 1
48 1 0.9078201945093664 0
49 1 0.9523837804897661 1
50 1 0.6010445628560944 1
51 1 0.9639702325265598 0
52 1 0.6974276507508539 1
53 1 0.9538269236042137 1
54 1 0.8924742724239639 0
55 1 1.0000000081327038 1
56 1 0.9439844579103456 1
57 0 0.9463992963273077 0
58 1 0.7056419486836828 1
59 1 0.9289056547139867 1
60 1 0.8596977482654824 0
61 1 0.9880661208211239 1
62 1 0.9219027163061658 1
63 1 0.8551353592977151 0
64 1 1.0000000000007998 1
65 0 1.0000000002412546 0
66 1 0.9529987638750974 1
67 0 1.0000000027813767 0
68 1 0.990576663084486 1
69 0 1.000000000000006 0
70 0 1.000000043248854 0
71 1 1.0000000045653084 1
72 1 0.8574000538980131 1
73 0 1.000000015183795 0
74 1 0.9803201886777135 1
75 1 0.9066328936483049 1
76 0 1.00000000000365 0
77 1 0.7389559078225723 1
78 1 1.0000000022457838 1
79 1 0.9102662801076641 1
80 1 0.991365365268457 1
81 0 1.000000000034092 0
82 0 1.0000000015851367 0
83 1 0.9580052537391888 0
84 0 0.9984712358034535 0
85 0 0.9121418612723032 0
86 1 0.8247951888569187 0
87 1 0.8646019146229373 1
88 1 1.0000000000002716 1
89 1 0.9480446713721506 1
90 1 0.8856576114636958 1
91 1 1.0000000000003915 1
92 1 0.749682715323194 1
93 1 1.000000000124615 1
94 1 0.9755277873089747 1
95 1 0.8496749371159108 1
96 1 0.9123667898664886 1
97 0 1.0000000000788118 0
98 1 0.8321405154693248 1
99 1 0.9605020094354768 1
100 0 1.0000000000025904 0
101 0 0.9767537427555871 0
102 1 1.0000000000336353 1
103 0 1.0000000000006641 0
104 1 0.9146039482475548 1
105 1 0.9359870107846909 1
106 1 0.82342224916578 1
107 0 1.000000008263691 0
108 0 0.9283456854008012 0
109 1 0.9151200740101596 1
110 1 1.0000000014766826 1
111 1 0.9195503685764335 1
112 0 1.0000000000153093 0
113 1 0.8567506463718071 1
114 1 0.9931216128428867 1
115 0 1.0000000000512428 0
116 0 1.0000000000025642 0
117 1 0.8104462358682344 1
118 1 0.5760878400158894 1
119 1 0.928576476560046 1
120 1 0.7311679897443635 1
121 0 0.999999999999996 0
122 1 0.8474958685420261 1
123 0 1.0000000000013674 0
124 0 1.0000000001839326 0
125 1 0.6211529189581753 1
126 1 0.678163305823445 1
127 1 0.8567741981485634 1
128 1 0.7536801227094809 1
129 1 0.9116149579147622 1
130 1 0.8507018229175878 1
131 1 1.0000000007823857 1
132 1 0.8339643937083874 1
133 1 0.8286621691016142 0
134 1 0.9613324747853208 1
135 1 1.000000000018424 1
136 1 0.8607917954282871 0
137 1 0.9798149166356392 1
138 1 0.9910721743262955 1
139 1 0.9288247024530686 1
140 1 0.952973096345371 1
141 1 0.9193589126114589 1
142 1 0.845449028034155 1
143 1 0.7012118759319754 1
144 1 0.8930368136884376 1
145 1 0.8485173630279095 1
146 0 1.000000009922657 0
147 1 1.000000000003697 1
148 1 1.000000003665724 1
149 0 1.0000000078675126 0
150 0 1.0000000000152498 0
151 1 0.8915812974951316 0
152 0 1.0000000003115732 0
153 1 0.9951977328231252 1
154 0 0.9999999999999949 0
155 1 1.0000000000910514 1
156 1 0.9910220440422998 1
157 0 1.000000000009278 0
158 1 0.7148504697463142 1
159 1 0.846462075377701 1
160 1 1.0000000000475566 1
161 1 1.0000000078160178 1
162 0 0.9510922492635394 0
163 1 0.6648079273960624 1
164 1 0.9537541812743573 1
165 1 1.0000000000001656 1
166 0 0.9114238282592162 0
167 1 1.000000000000474 1
168 0 1.000000000000325 0
169 0 1.0000000005884635 0
170 1 0.8481445743757422 1
171 1 1.0000000001688727 1
172 1 0.9508124271344756 1
173 0 1.000000000000074 0
174 1 0.9765510479764679 0
175 0 1.0000000003370562 0
176 1 0.8433147387842193 0
177 0 0.9316066300366945 0
178 1 1.0000000001397393 1
179 0 1.0000000026466949 0
180 1 0.8275117786536635 0
181 1 0.696544452398224 1
182 1 0.9590377927159319 1
183 0 1.0000000000027713 0
184 0 1.0000000000150924 0
185 1 1.000000000000701 1
186 1 0.7702025319193215 1
187 1 1.0000000062295715 1
188 1 0.7593834100208785 1
189 1 1.000000017597161 1
190 1 0.9425106037972282 1
191 0 1.0000000016448254 0
192 1 0.9604919058021614 1
193 1 0.7870658809207454 0
194 1 0.9273311034443736 1
195 0 1.000000000000084 0
196 1 0.8208515194771839 0
197 1 1.0000000000595124 1
198 0 1.0000000006095935 0
199 1 0.8923154017075058 1
200 1 0.9737231368248698 1
201 1 0.9520980081078606 1
202 1 1.0000000380158622 1
203 0 1.0000000105324278 0
204 1 0.9653264571714262 1
205 0 0.9229966591704803 0
206 1 1.000000000000193 1
207 0 1.0000000008630219 0
208 0 1.0000000000031815 0
209 1 0.8969986034033334 1
210 0 1.0000000000412366 0
211 1 0.8435700317425305 1
212 0 1.0000000012842702 0
213 1 0.7790021191728176 0
214 0 1.0000000000254927 0
215 0 0.9893540296521659 0
216 1 0.6844415574100016 1
217 1 1.0000000031298895 1
218 1 1.0000000000009888 1
219 0 1.0000000131590863 0
220 0 1.0000000000003886 0
221 0 1.0000000007339842 0
222 1 0.7979931465098926 1
223 1 0.7068354623873072 1
224 1 0.8899564483278141 1
225 1 0.9562962262446675 1
226 1 0.905901971167538 1
227 0 1.000000000071942 0
228 1 0.8459897031780199 0
229 1 1.0000000020198072 1
230 1 0.950120561512889 1
231 1 0.8700435173327915 1
232 1 0.943812631549556 1
233 1 1.0000000001256617 1
234 1 0.8486147979995081 0
235 1 1.0000000011942727 1
236 1 0.929395217629428 1
237 0 0.9652232728228863 0
238 1 1.000000000002641 1
239 0 1.0000000000757843 0
240 1 0.9672890622351643 1
241 0 0.9446182290688376 0
242 1 0.7796814132180891 1
243 1 0.8436288090010586 1
244 0 1.0000000007983365 0
245 1 1.0000000012259342 1
246 1 0.9076359816644033 1
247 0 1.0000000000238987 0
248 1 0.7805910541141012 1
249 0 0.9777641168345558 0
250 1 0.8865619801670704 1
251 1 0.8700659410644703 1
252 1 1.0000000000145715 1
253 1 0.9395826669265621 0
254 1 0.9157829328347804 1
255 0 0.9444426068429402 0
256 1 0.6605972588898541 1
257 1 0.9460101884369109 1
258 0 1.0000000003973903 0
259 1 0.7488621071538485 1
260 1 0.7754435427975207 1
261 1 1.000000000204351 1
262 1 1.0000000002714142 1
263 1 0.9486367083217698 1
264 0 0.9114800036422387 0
265 0 1.0000000000006621 0
266 1 0.844810603698504 1
267 1 0.7539743661831445 1
268 1 0.9739188799839891 1
269 1 1.0000000028045155 1
270 0 1.0000000000050142 0
271 0 0.9497261937315641 0
272 1 0.9113683830882086 1
273 1 0.9426307898045573 1
274 0 0.9340049695780599 0
275 1 0.958864360562867 1
276 1 1.000000009325486 1
277 1 0.9739927680103702 1
278 1 0.907341839831777 1
279 1 0.9421626890329823 1
280 1 0.9096655306065904 1
281 1 0.9811875600917618 1
282 1 0.9119986966872925 0
283 1 0.9824649977837436 1
284 1 0.794436636002601 1
285 1 1.0000000055631448 1
286 1 0.701599788995046 1
287 1 0.8346744385222412 1
288 1 0.8476433535342651 0
289 1 0.872724228561485 1
290 1 0.88816949686827 1
291 1 0.7690415516584587 1
292 1 1.0000000000156715 1
293 1 0.7964171561273172 1
294 1 0.8209698805717074 1
295 1 0.9427348485154053 1
296 1 1.0000000000321363 1
297 1 0.8171836851301054 1
298 1 0.9834927132415389 1
299 0 1.0000000000030718 0
300 0 1.0000000017943969 0
301 1 0.9180300063230057 1
302 1 1.0000000002119012 1
303 1 1.0000000022791482 1
304 1 1.0000000000330347 1
305 1 0.8121205525067525 1
306 1 1.0000000000027922 1
307 1 0.9786571591044441 1
308 1 0.923927791134153 1
309 1 1.000000001406096 1
310 1 0.920406130539746 1
311 1 1.0000000025660631 1
312 1 0.7361429569937585 1
313 1 0.9100947344862812 1
314 1 0.8915499405952988 0
315 1 0.8443455300180394 0
316 1 0.8963578182698101 0
317 0 0.9835907542274117 0
318 1 0.9118173056488643 1
319 1 0.8456635788305265 1
320 1 0.7448420669084873 1
321 1 0.9766099857392793 1
322 0 1.00000001356912 0
323 0 0.947928118030253 0
324 1 0.6124373553027784 1
325 1 0.8969152008929505 1
326 1 0.7127303845380282 1
327 0 1.000000000803152 0
328 1 0.9931167661497102 1
329 1 0.955603799147041 1
330 1 0.7777029203311208 0
331 1 1.000000000014162 1
332 1 1.0000000302482415 1
333 1 1.000000000176171 1
334 1 1.0000000122505757 1
335 1 0.9559746812815448 0
336 1 0.8229010069959629 1
337 1 1.0000000000008775 1
338 1 0.9022796080452017 1
339 0 1.0000000000120441 0
340 1 0.9303650097926204 1
341 1 1.0000000000552183 1
342 0 1.0000000169238041 0
343 1 0.9547935739600306 1
344 1 0.9528913878524157 1
345 1 0.9485228076482936 1
346 1 0.9864794794058456 1
347 1 0.7368966680112298 1
348 1 0.9735935917340865 1
349 0 0.9247653457050461 0
350 1 1.000000000001329 1
351 1 0.7636755986039575 0
352 1 0.9241399812769417 0
353 1 0.7878111372347015 1
354 1 1.0000000223828138 1
355 1 0.7656670800545939 0
356 1 0.8915743241799117 0
357 1 0.7701083524793636 0
358 1 0.8117544353881073 1
359 0 1.0000000000282705 0
360 1 0.936779181851801 1
361 0 1.000000000000475 0
362 0 1.0000000000003688 0
363 1 0.8031049874831149 0
364 1 1.0000000000187175 1
365 1 0.8027618806763762 1
366 1 0.883271965877355 0
367 1 0.6262095711645607 0
368 1 0.9922159091669602 1
369 1 0.69247521146661 1
370 1 0.8409911038803214 1
371 1 0.7623301527078791 1
372 1 0.9725800504652143 1
373 0 0.9600605987036862 0
374 1 0.950703769499804 1
375 1 0.8437442391706655 1
376 0 1.0000000000052318 0
377 0 1.0000000025813407 0
378 1 1.0000000001470624 1
379 1 0.9588162901656186 1
380 1 0.9751265509463383 1
381 0 1.0000000150621136 0
382 0 1.0000000350167975 0
383 1 1.0000000000001077 1
384 1 0.9351757474607731 1
385 0 1.0000000004647802 0
386 0 1.0000000001432627 0
387 0 1.0000000000100964 0
388 1 0.8291242472325021 1
389 1 0.9510560060244432 1
390 1 0.8752019240704253 1
391 1 0.883279415157702 1
392 1 0.9666180724332671 1
393 1 0.8858946000505994 1
394 1 0.9044868028443829 1
395 1 0.9717068605413705 1
396 0 1.000000006120325 0
397 1 1.0000000000679838 1
398 0 0.9085901460351614 0
399 1 1.0000000145745653 1
400 1 1.000000000001495 1
401 1 0.9767493845718084 1
402 1 0.8458239686120252 1
403 0 0.9990218502478614 0
404 1 1.0000000000630258 1
405 1 1.0000000000657923 1
406 1 0.8541279072409808 1
407 1 1.0000000000100173 1
408 0 1.0000000154303204 0
409 0 0.853519396253027 0
410 1 0.7262508949890384 1
411 1 1.000000001227022 1
412 0 1.0000000017728041 0
413 0 1.0000000402089682 0
414 1 0.7749673739034959 1
415 1 0.9886154568046479 1
416 1 0.8583174486312025 1
417 1 0.8493629341539093 1
418 1 0.7918735274905616 1
419 1 0.7748808004148205 0
420 1 1.000000000500893 1
421 1 0.9361227478105093 1
422 0 1.0000000000022253 0
423 1 0.8199595399881704 1
424 1 0.8622584493416977 0
425 1 1.0000000000080962 1
426 1 0.9759153422131227 1
427 1 0.9241241779745362 1
428 1 0.9300689834642809 1
429 1 1.0000000032400036 1
430 1 0.9740962101720324 1
431 1 0.7966194189263761 0
432 0 1.0000000050164115 0
433 1 0.8179087024714028 1
434 1 1.000000000015253 1
435 0 0.9356580445487486 0
436 1 0.736749398066837 1
437 1 0.965896666025053 1
438 1 0.8477692428927179 1
439 1 0.9818721618566968 1
440 1 0.7073691296082925 1
441 1 0.9721643222795061 1
442 1 0.7304748019139937 0
443 1 0.9219908594730915 0
444 1 0.8591630483970368 1
445 1 0.9193087209114976 1
446 1 1.0000000000027334 1
447 1 0.9781299084064238 1
448 1 0.9609334726744575 1
449 1 0.9066936144408779 0
450 1 0.936087369912757 1
451 1 0.8854018943890452 1
452 1 0.8933838142873192 1
453 1 1.0000000000087654 1
454 0 1.0000000000000437 0
455 1 0.9593414637198703 1
456 1 0.941371918054063 1
457 1 0.9725225762079741 1
458 0 0.9871249242214688 0
459 1 1.0000000117079253 1
460 0 1.000000000027335 0
461 1 0.999536032291807 1
462 1 0.8387956920095109 1
463 0 0.9917068153054946 0
464 1 0.9570725424349433 1
465 1 0.6560047190175142 0
466 1 0.749973687465707 1
467 1 0.9874864373922998 1
468 1 0.9750447593304926 1
469 1 1.000000000034939 1
470 1 0.8132036930333105 1
471 1 0.8164572204013479 1
472 1 1.0000000000675056 1
473 1 1.0000000000005163 1
474 1 0.9423999093995056 1
475 1 0.9717586456555568 1
476 1 0.8809466733091369 1
477 0 1.0000000000000515 0
478 1 0.7423793720909421 1
479 1 0.9062978574808257 1
480 1 0.9958141491454302 1
481 1 0.7042322601487203 0
482 1 0.8967552464419347 1
483 0 1.000000000068073 0
484 0 1.0000000012223285 0
485 1 0.7500671239792709 1
486 1 1.0000000179882071 1
487 1 0.9790969939560099 1
488 0 1.0000000355499872 0
489 0 0.916545181108357 0
490 1 0.9173289688246334 0
491 0 0.980562925534831 0
492 0 1.0000000069783297 0
493 1 0.790905766492038 0
494 1 0.7874120250628035 1
495 1 0.8437103433563196 0
496 0 0.9736653797980089 0
497 1 1.0000000002898966 1
498 1 0.9518162562310966 1
499 1 0.9840476203425558 1
