0 1 0.9941973311048268 1
1 1 0.9034463299252835 0
2 1 0.9632056938938325 1
3 0 1.0000000105218898 0
4 1 0.7634409300491795 1
5 0 1.0000000000371734 0
6 1 1.0000000094105754 1
7 1 0.8548146936105508 1
8 1 0.9962668807442188 1
9 1 1.0000000158254525 1
10 0 1.0000000000020155 0
11 1 0.9348565442273006 1
12 1 0.8418744039431592 1
13 1 0.9675710178791729 1
14 1 1.0000000351942933 1
15 1 1.0000000000350098 1
16 1 0.9554638074888699 1
17 1 0.830240243852705 1
18 0 1.0000000388939856 0
19 1 0.816898856207795 1
20 1 0.8479692586452168 1
21 1 0.9141402929769489 1
22 1 0.9360913573744449 1
23 1 0.8845061541025911 1
24 0 1.0000000202529358 0
25 1 0.8381663455017614 1
26 1 0.9881071889018258 1
27 0 1.0000000000012204 0
28 1 0.8174652469739394 1
29 1 0.9546847926632369 0
30 0 0.7486610600012089 0
31 0 0.9489695636773832 0
32 1 0.934172330606284 1
33 1 1.0000000000361298 1
34 1 0.9271045035865485 1
35 1 0.9727566010727071 1
36 1 1.0000000309701322 1
37 1 0.8542197031182578 1
38 1 1.0000000040655321 1
39 1 0.8167545233840277 1
40 0 1.000000000004455 0
41 1 0.9465656691316435 0
42 1 1.000000000096237 1
43 0 1.000000000003471 0
44 1 0.919670774408268 0
45 1 0.9534870539885096 1
46 1 0.7783286964114217 1
47 1 1.000000000035139 1
48 1 0.9078201945093664 0
49 1 0.9523837804897661 1
50 1 0.6010445628560944 1
51 1 0.9639702325265598 0
52 1 0.6974276507508539 1
53 1 0.9538269236042137 1
54 1 0.8924742724239639 0
55 1 1.0000000081327038 1
56 1 0.9439844579103456 1
57 0 0.9463992963273077 0
58 1 0.7056419486836828 1
59 1 0.9289056547139867 1
60 1 0.8596977482654824 0
61 1 0.9880661208211239 1
62 1 0.9219027163061658 1
63 1 0.8551353592977151 0
64 1 1.0000000000007998 1
65 0 1.0000000002412546 0
66 1 0.9529987638750974 1
67 0 1.0000000027813767 0
68 1 0.990576663084486 1
69 0 1.000000000000006 0
70 0 1.000000043248854 0
71 1 1.0000000045653084 1
72 1 0.8574000538980131 1
73 0 1.000000015183795 0
74 1 0.9803201886777135 1
75 1 0.9066328936483049 1
76 0 1.00000000000365 0
77 1 0.7389559078225723 1
78 1 1.0000000022457838 1
79 1 0.9102662801076641 1
80 1 0.991365365268457 1
81 0 1.000000000034092 0
82 0 1.0000000015851367 0
83 1 0.9580052537391888 0
84 0 0.9984712358034535 0
85 0 0.9121418612723032 0
86 1 0.8247951888569187 0
87 1 0.8646019146229373 1
88 1 1.0000000000002716 1
89 1 0.9480446713721506 1
90 1 0.8856576114636958 1
91 1 1.0000000000003915 1
92 1 0.749682715323194 1
93 1 1.000000000124615 1
94 1 0.9755277873089747 1
95 1 0.8496749371159108 1
96 1 0.9123667898664886 1
97 0 1.0000000000788118 0
98 1 0.8321405154693248 1
99 1 0.9605020094354768 1
100 0 1.0000000000025904 0
101 0 0.9767537427555871 0
102 1 1.0000000000336353 1
103 0 1.0000000000006641 0
104 1 0.9146039482475548 1
105 1 0.9359870107846909 1
106 1 0.82342224916578 1
107 0 1.000000008263691 0
108 0 0.9283456854008012 0
109 1 0.9151200740101596 1
110 1 1.0000000014766826 1
111 1 0.9195503685764335 1
112 0 1.0000000000153093 0
113 1 0.8567506463718071 1
114 1 0.9931216128428867 1
115 0 1.0000000000512428 0
116 0 1.0000000000025642 0
117 1 0.8104462358682344 1
118 1 0.5760878400158894 1
119 1 0.928576476560046 1
120 1 0.7311679897443635 1
121 0 0.999999999999996 0
122 1 0.8474958685420261 1
123 0 1.0000000000013674 0
124 0 1.0000000001839326 0
125 1 0.6211529189581753 1
126 1 0.678163305823445 1
127 1 0.8567741981485634 1
128 1 0.7536801227094809 1
129 1 0.9116149579147622 1
130 1 0.8507018229175878 1
131 1 1.0000000007823857 1
132 1 0.8339643937083874 1
133 1 0.8286621691016142 0
134 1 0.9613324747853208 1
135 1 1.000000000018424 1
136 1 0.8607917954282871 0
137 1 0.9798149166356392 1
138 1 0.9910721743262955 1
139 1 0.9288247024530686 1
140 1 0.952973096345371 1
141 1 0.9193589126114589 1
142 1 0.845449028034155 1
143 1 0.7012118759319754 1
144 1 0.8930368136884376 1
145 1 0.8485173630279095 1
146 0 1.000000009922657 0
147 1 1.000000000003697 1
148 1 1.000000003665724 1
149 0 1.0000000078675126 0
150 0 1.0000000000152498 0
151 1 0.8915812974951316 0
152 0 1.0000000003115732 0
153 1 0.9951977328231252 1
154 0 0.9999999999999949 0
155 1 1.0000000000910514 1
156 1 0.9910220440422998 1
157 0 1.000000000009278 0
158 1 0.7148504697463142 1
159 1 0.846462075377701 1
160 1 1.0000000000475566 1
161 1 1.0000000078160178 1
162 0 0.9510922492635394 0
163 1 0.6648079273960624 1
164 1 0.9537541812743573 1
165 1 1.0000000000001656 1
166 0 0.9114238282592162 0
167 1 1.000000000000474 1
168 0 1.000000000000325 0
169 0 1.0000000005884635 0
170 1 0.8481445743757422 1
171 1 1.0000000001688727 1
172 1 0.9508124271344756 1
173 0 1.000000000000074 0
174 1 0.9765510479764679 0
175 0 1.0000000003370562 0
176 1 0.8433147387842193 0
177 0 0.9316066300366945 0
178 1 1.0000000001397393 1
179 0 1.0000000026466949 0
180 1 0.8275117786536635 0
181 1 0.696544452398224 1
182 1 0.9590377927159319 1
183 0 1.0000000000027713 0
184 0 1.0000000000150924 0
185 1 1.000000000000701 1
186 1 0.7702025319193215 1
187 1 1.0000000062295715 1
188 1 0.7593834100208785 1
189 1 1.000000017597161 1
190 1 0.9425106037972282 1
191 0 1.0000000016448254 0
192 1 0.9604919058021614 1
193 1 0.7870658809207454 0
194 1 0.9273311034443736 1
195 0 1.000000000000084 0
196 1 0.8208515194771839 0
197 1 1.0000000000595124 1
198 0 1.0000000006095935 0
199 1 0.8923154017075058 1
200 1 0.9737231368248698 1
201 1 0.9520980081078606 1
202 1 1.0000000380158622 1
203 0 1.0000000105324278 0
204 1 0.9653264571714262 1
205 0 0.9229966591704803 0
206 1 1.000000000000193 1
207 0 1.0000000008630219 0
208 0 1.0000000000031815 0
209 1 0.8969986034033334 1
210 0 1.0000000000412366 0
211 1 0.8435700317425305 1
212 0 1.0000000012842702 0
213 1 0.7790021191728176 0
214 0 1.0000000000254927 0
215 0 0.9893540296521659 0
216 1 0.6844415574100016 1
217 1 1.0000000031298895 1
218 1 1.0000000000009888 1
219 0 1.0000000131590863 0
220 0 1.0000000000003886 0
221 0 1.0000000007339842 0
222 1 0.7979931465098926 1
223 1 0.7068354623873072 1
224 1 0.8899564483278141 1
225 1 0.9562962262446675 1
226 1 0.905901971167538 1
227 0 1.000000000071942 0
228 1 0.8459897031780199 0
229 1 1.0000000020198072 1
230 1 0.950120561512889 1
231 1 0.8700435173327915 1
232 1 0.943812631549556 1
233 1 1.0000000001256617 1
234 1 0.8486147979995081 0
235 1 1.0000000011942727 1
236 1 0.929395217629428 1
237 0 0.9652232728228863 0
238 1 1.000000000002641 1
239 0 1.0000000000757843 0
240 1 0.9672890622351643 1
241 0 0.9446182290688376 0
242 1 0.7796814132180891 1
243 1 0.8436288090010586 1
244 0 1.0000000007983365 0
245 1 1.0000000012259342 1
246 1 0.9076359816644033 1
247 0 1.0000000000238987 0
248 1 0.7805910541141012 1
249 0 0.9777641168345558 0
250 1 0.8865619801670704 1
251 1 0.8700659410644703 1
252 1 1.0000000000145715 1
253 1 0.9395826669265621 0
254 1 0.9157829328347804 1
255 0 0.9444426068429402 0
256 1 0.6605972588898541 1
257 1 0.9460101884369109 1
258 0 1.0000000003973903 0
259 1 0.7488621071538485 1
260 1 0.7754435427975207 1
261 1 1.000000000204351 1
262 1 1.0000000002714142 1
263 1 0.9486367083217698 1
264 0 0.9114800036422387 0
265 0 1.0000000000006621 0
266 1 0.844810603698504 1
267 1 0.7539743661831445 1
268 1 0.9739188799839891 1
269 1 1.0000000028045155 1
270 0 1.0000000000050142 0
271 0 0.9497261937315641 0
272 1 0.9113683830882086 1
273 1 0.9426307898045573 1
274 0 0.9340049695780599 0
275 1 0.958864360562867 1
276 1 1.000000009325486 1
277 1 0.9739927680103702 1
278 1 0.907341839831777 1
279 1 0.9421626890329823 1
280 1 0.9096655306065904 1
281 1 0.9811875600917618 1
282 1 0.9119986966872925 0
283 1 0.9824649977837436 1
284 1 0.794436636002601 1
285 1 1.0000000055631448 1
286 1 0.701599788995046 1
287 1 0.8346744385222412 1
288 1 0.8476433535342651 0
289 1 0.872724228561485 1
290 1 0.88816949686827 1
291 1 0.7690415516584587 1
292 1 1.0000000000156715 1
293 1 0.7964171561273172 1
294 1 0.8209698805717074 1
295 1 0.9427348485154053 1
296 1 1.0000000000321363 1
297 1 0.8171836851301054 1
298 1 0.9834927132415389 1
299 0 1.0000000000030718 0
300 0 1.0000000017943969 0
301 1 0.9180300063230057 1
302 1 1.0000000002119012 1
303 1 1.0000000022791482 1
304 1 1.0000000000330347 1
305 1 0.8121205525067525 1
306 1 1.0000000000027922 1
307 1 0.9786571591044441 1
308 1 0.923927791134153 1
309 1 1.000000001406096 1
310 1 0.920406130539746 1
311 1 1.0000000025660631 1
312 1 0.7361429569937585 1
313 1 0.9100947344862812 1
314 1 0.8915499405952988 0
315 1 0.8443455300180394 0
316 1 0.8963578182698101 0
317 0 0.9835907542274117 0
318 1 0.9118173056488643 1
319 1 0.8456635788305265 1
320 1 0.7448420669084873 1
321 1 0.9766099857392793 1
322 0 1.00000001356912 0
323 0 0.947928118030253 0
324 1 0.6124373553027784 1
325 1 0.8969152008929505 1
326 1 0.7127303845380282 1
327 0 1.000000000803152 0
328 1 0.9931167661497102 1
329 1 0.955603799147041 1
330 1 0.7777029203311208 0
331 1 1.000000000014162 1
332 1 1.0000000302482415 1
333 1 1.000000000176171 1
334 1 1.0000000122505757 1
335 1 0.9559746812815448 0
336 1 0.8229010069959629 1
337 1 1.0000000000008775 1
338 1 0.9022796080452017 1
339 0 1.0000000000120441 0
340 1 0.9303650097926204 1
341 1 1.0000000000552183 1
342 0 1.0000000169238041 0
343 1 0.9547935739600306 1
344 1 0.9528913878524157 1
345 1 0.9485228076482936 1
346 1 0.9864794794058456 1
347 1 0.7368966680112298 1
348 1 0.9735935917340865 1
349 0 0.9247653457050461 0
350 1 1.000000000001329 1
351 1 0.7636755986039575 0
352 1 0.9241399812769417 0
353 1 0.7878111372347015 1
354 1 1.0000000223828138 1
355 1 0.7656670800545939 0
356 1 0.8915743241799117 0
357 1 0.7701083524793636 0
358 1 0.8117544353881073 1
359 0 1.0000000000282705 0
360 1 0.936779181851801 1
361 0 1.000000000000475 0
362 0 1.0000000000003688 0
363 1 0.8031049874831149 0
364 1 1.0000000000187175 1
365 1 0.8027618806763762 1
366 1 0.883271965877355 0
367 1 0.6262095711645607 0
368 1 0.9922159091669602 1
369 1 0.69247521146661 1
370 1 0.8409911038803214 1
371 1 0.7623301527078791 1
372 1 0.9725800504652143 1
373 0 0.9600605987036862 0
374 1 0.950703769499804 1
375 1 0.8437442391706655 1
376 0 1.0000000000052318 0
377 0 1.0000000025813407 0
378 1 1.0000000001470624 1
379 1 0.9588162901656186 1
380 1 0.9751265509463383 1
381 0 1.0000000150621136 0
382 0 1.0000000350167975 0
383 1 1.0000000000001077 1
384 1 0.9351757474607731 1
385 0 1.0000000004647802 0
386 0 1.0000000001432627 0
387 0 1.0000000000100964 0
388 1 0.8291242472325021 1
389 1 0.9510560060244432 1
390 1 0.8752019240704253 1
391 1 0.883279415157702 1
392 1 0.9666180724332671 1
393 1 0.8858946000505994 1
394 1 0.9044868028443829 1
395 1 0.9717068605413705 1
396 0 1.000000006120325 0
397 1 1.0000000000679838 1
398 0 0.9085901460351614 0
399 1 1.0000000145745653 1
400 1 1.000000000001495 1
401 1 0.9767493845718084 1
402 1 0.8458239686120252 1
403 0 0.9990218502478614 0
404 1 1.0000000000630258 1
405 1 1.0000000000657923 1
406 1 0.8541279072409808 1
407 1 1.0000000000100173 1
408 0 1.0000000154303204 0
409 0 0.853519396253027 0
410 1 0.7262508949890384 1
411 1 1.000000001227022 1
412 0 1.0000000017728041 0
413 0 1.0000000402089682 0
414 1 0.7749673739034959 1
415 1 0.9886154568046479 1
416 1 0.8583174486312025 1
417 1 0.8493629341539093 1
418 1 0.7918735274905616 1
419 1 0.7748808004148205 0
420 1 1.000000000500893 1
421 1 0.9361227478105093 1
422 0 1.0000000000022253 0
423 1 0.8199595399881704 1
424 1 0.8622584493416977 0
425 1 1.0000000000080962 1
426 1 0.9759153422131227 1
427 1 0.9241241779745362 1
428 1 0.9300689834642809 1
429 1 1.0000000032400036 1
430 1 0.9740962101720324 1
431 1 0.7966194189263761 0
432 0 1.0000000050164115 0
433 1 0.8179087024714028 1
434 1 1.000000000015253 1
435 0 0.9356580445487486 0
436 1 0.736749398066837 1
437 1 0.965896666025053 1
438 1 0.8477692428927179 1
439 1 0.9818721618566968 1
440 1 0.7073691296082925 1
441 1 0.9721643222795061 1
442 1 0.7304748019139937 0
443 1 0.9219908594730915 0
444 1 0.8591630483970368 1
445 1 0.9193087209114976 1
446 1 1.0000000000027334 1
447 1 0.9781299084064238 1
448 1 0.9609334726744575 1
449 1 0.9066936144408779 0
450 1 0.936087369912757 1
451 1 0.8854018943890452 1
452 1 0.8933838142873192 1
453 1 1.0000000000087654 1
454 0 1.0000000000000437 0
455 1 0.9593414637198703 1
456 1 0.941371918054063 1
457 1 0.9725225762079741 1
458 0 0.9871249242214688 0
459 1 1.0000000117079253 1
460 0 1.000000000027335 0
461 1 0.999536032291807 1
462 1 0.8387956920095109 1
463 0 0.9917068153054946 0
464 1 0.9570725424349433 1
465 1 0.6560047190175142 0
466 1 0.749973687465707 1
467 1 0.9874864373922998 1
468 1 0.9750447593304926 1
469 1 1.000000000034939 1
470 1 0.8132036930333105 1
471 1 0.8164572204013479 1
472 1 1.0000000000675056 1
473 1 1.0000000000005163 1
474 1 0.9423999093995056 1
475 1 0.9717586456555568 1
476 1 0.8809466733091369 1
477 0 1.0000000000000515 0
478 1 0.7423793720909421 1
479 1 0.9062978574808257 1
480 1 0.9958141491454302 1
481 1 0.7042322601487203 0
482 1 0.8967552464419347 1
483 0 1.000000000068073 0
484 0 1.0000000012223285 0
485 1 0.7500671239792709 1
486 1 1.0000000179882071 1
487 1 0.9790969939560099 1
488 0 1.0000000355499872 0
489 0 0.916545181108357 0
490 1 0.9173289688246334 0
491 0 0.980562925534831 0
492 0 1.0000000069783297 0
493 1 0.790905766492038 0
494 1 0.7874120250628035 1
495 1 0.8437103433563196 0
496 0 0.9736653797980089 0
497 1 1.0000000002898966 1
498 1 0.9518162562310966 1
499 1 0.9840476203425558 1
0 1 0.936582723797995 1
1 1 0.6579287252582968 1
2 1 0.9930197190493978 1
3 0 1.0000000126532895 0
4 1 0.7356736122261727 0
5 1 0.8100476262969976 1
6 1 0.8089924404750336 1
7 1 0.9674064815559013 1
8 1 0.90426238162108 0
9 1 0.871423182044465 1
10 0 1.0000000000002043 0
11 1 0.9899051595069742 1
12 0 1.0000000004115643 0
13 1 0.9139126133365728 1
14 1 0.9380169891897263 1
15 1 0.7564822253710904 1
16 0 1.0000000000007345 0
17 1 0.880429784523061 1
18 1 1.000000000055587 1
19 1 0.6492792589320141 1
20 0 0.9898565724203215 0
21 1 1.000000000007765 1
22 1 0.948227197588093 0
23 1 0.900152122137389 0
24 1 0.7477173576077322 1
25 1 0.9956688722216879 1
26 1 1.000000000287555 1
27 1 0.8698449610862672 1
28 1 1.0000000002149458 1
29 0 0.890873865206808 0
30 0 1.000000000556301 0
31 1 0.9521677034436533 1
32 1 0.6116082756642949 1
33 1 0.8791416908094365 1
34 1 0.8668905619649301 1
35 1 1.0000000000011875 1
36 1 0.8252023538173184 0
37 1 0.887749409361143 1
38 1 0.8736803628850597 1
39 1 0.7994313239026929 0
40 0 1.0000000162235942 0
41 1 1.0000000027447193 1
42 1 0.9610769654378821 1
43 0 1.0000000001605631 0
44 0 1.0000000002696705 0
45 1 0.9833489434812486 1
46 0 1.0000000011535766 0
47 1 0.9751937521366804 1
48 0 0.8436598800070536 0
49 0 1.0000000000000109 0
50 1 0.792715216366212 0
51 1 0.6950659785569094 1
52 1 1.0000000003855636 1
53 0 0.9839202865449368 0
54 0 1.0000000000034082 0
55 1 0.9834868616782853 1
56 1 0.9951970791677761 1
57 1 1.0000000000012652 1
58 0 1.0000000000029323 0
59 1 1.000000000179773 1
60 1 0.8958274271791589 1
61 0 1.000000000002929 0
62 1 0.9036981742019166 1
63 0 1.000000000001689 0
64 0 1.000000006443939 0
65 0 1.0000000000008054 0
66 1 0.9386305388421555 1
67 1 1.000000000010701 1
68 1 0.8966754062407957 1
69 1 0.8911904122801065 1
70 1 0.867507427340683 1
71 1 1.000000001852175 1
72 1 1.0000000000218083 1
73 1 0.8790453167238744 0
74 1 0.8422884792380042 1
75 1 0.8760345563480417 1
76 0 0.94263698504212 0
77 1 0.9800485422902254 1
78 1 0.9375418231580047 1
79 1 0.969383111836635 1
80 1 1.0000000000239655 1
81 0 1.000000002937574 0
82 1 0.8529184862476054 1
83 1 0.931972999517845 1
84 1 0.6928863407110358 1
85 0 1.0000000000037788 0
86 1 0.9444980952881322 1
87 1 0.8830334119293295 1
88 0 1.000000000112061 0
89 1 0.8945211757061502 1
90 1 0.9146596037711279 1
91 1 0.9334088283727947 1
92 1 0.9542872843796627 1
93 1 0.9926235771664615 1
94 0 1.0000000000935554 0
95 1 0.8048987380369155 1
96 0 0.9571786414947792 0
97 1 0.8209462708483952 1
98 0 1.000000009286089 0
99 1 0.6909347052439142 1
100 1 0.8698159079221408 1
101 1 0.9533323005671946 1
102 1 0.9148547246497941 1
103 1 0.915749413660767 1
104 1 0.9762789934743056 1
105 1 0.7945390609087922 1
106 0 0.9771158844978038 0
107 0 0.9952874269882656 0
108 0 1.000000000348714 0
109 1 0.9520084326245357 1
110 1 1.0000000000003373 1
111 0 0.9482598369534636 0
112 1 0.9265268561794535 0
113 1 0.9195874294127594 1
114 1 0.7956616580476478 1
115 1 0.915482093505986 0
116 1 0.8866942757111353 1
117 1 0.7376977564073065 1
118 1 0.9818050079934705 1
119 1 0.7018228917692464 1
120 0 1.0000000000084959 0
121 0 1.0000000000056628 0
122 0 1.000000000544232 0
123 1 1.0000000000029132 1
124 1 1.0000000000012172 1
125 1 1.0000000060055225 1
126 1 1.0000000000057894 1
127 1 0.9056853815547761 1
128 1 0.9452891332488305 0
129 1 0.9999999999999836 1
130 1 0.9335610958603273 1
131 1 0.9822915643292983 1
132 1 0.8926930204343919 1
133 1 1.000000000263066 1
134 1 0.9579037497578193 1
135 1 0.9227412719221262 1
136 1 0.875029249854566 1
137 1 0.9899657906695251 1
138 1 0.7162710121273831 1
139 1 0.6034739808815941 1
140 0 0.9982428982530843 0
141 1 0.8280690649888499 1
142 1 0.9562401219721371 1
143 1 0.8602964712252046 1
144 1 0.908077396985774 0
145 1 0.9744360949916099 1
146 1 0.8612572610749976 1
147 0 1.0000000000028546 0
148 0 1.0000000000016989 0
149 1 0.9181300221742456 1
150 1 0.8800086924638726 0
151 1 1.0000000000057638 1
152 1 0.8901079345351872 1
153 1 0.93327259905988 1
154 0 1.0000000000152705 0
155 1 1.000000000149797 1
156 1 1.000000003238219 1
157 1 0.9958286409613297 1
158 1 1.0000000069814998 1
159 0 1.000000000233356 0
160 1 0.6887076888797957 1
161 0 0.824607771342287 0
162 1 0.9046688494726493 1
163 1 0.9174488139630544 1
164 1 0.833112236728064 0
165 0 0.934128127245372 0
166 1 0.9287951924960051 0
167 1 0.9005050202295883 0
168 1 0.8836374000602064 0
169 1 1.0000000000014457 1
170 1 0.9737170424426115 1
171 1 0.8963652849311438 1
172 1 0.898003870861829 1
173 1 0.9406154092867127 1
174 1 1.0000000090690424 1
175 1 0.9304213123940697 1
176 1 0.9446370670255381 1
177 1 0.9641947793307526 1
178 1 0.9870380017043263 1
179 1 0.8712901411203614 1
180 1 0.9591327908512615 1
181 1 0.9278002191089239 1
182 1 1.0000000000589306 1
183 1 1.0000000008199323 1
184 0 1.000000008411082 0
185 0 0.9891816046296232 0
186 0 0.9477536266703731 0
187 1 0.9910754757607442 1
188 1 1.0000000211093425 1
189 1 0.8987944694100103 1
190 1 1.0000000000000273 1
191 1 0.8700434180950627 1
192 1 0.9796414194821068 1
193 0 1.0000000014750245 0
194 1 0.9842196129249171 1
195 1 0.9861290660798986 1
196 1 0.7893613943443927 1
197 1 0.9577008180048411 1
198 1 0.866019200925219 1
199 1 0.9618522588475666 1
200 0 1.0000000000031277 0
201 1 0.7218566730035658 1
202 0 0.9859234103615677 0
203 1 0.8059490725529094 1
204 1 1.0000000000034737 1
205 1 0.9103110520526925 1
206 1 1.0000000000360667 1
207 1 0.8904953278653639 1
208 1 0.974639996632752 1
209 1 0.9210670084593497 1
210 1 0.7786434758444082 1
211 1 0.8662800470826204 0
212 1 1.0000000004463054 1
213 1 1.000000000000151 1
214 1 1.0000000000062506 1
215 1 0.9531034407990812 1
216 0 0.9620732405745853 0
217 1 0.881891649111297 1
218 0 1.0000000037090773 0
219 1 0.7494081861466171 1
220 1 0.7024681901613593 1
221 1 0.9479138215886593 1
222 1 0.9016344478613966 1
223 1 0.7793748543631456 1
224 0 0.9003402615368249 0
225 0 0.9945914658191279 0
226 0 1.0000000000070415 0
227 1 0.8687478387436562 0
228 1 1.000000020486857 1
229 0 0.9888718863823738 0
230 1 0.9397531739345556 1
231 1 0.9326796805941924 1
232 0 1.0000000009089045 0
233 1 0.9269391452414731 1
234 0 0.9957235678455442 0
235 0 1.0000000008761243 0
236 1 0.8390929343393558 1
237 1 0.773540395319432 0
238 1 0.950183037622058 1
239 1 0.9580983183578289 1
240 1 0.8667491814137525 0
241 1 0.948394719713676 1
242 1 0.9932827217585251 1
243 1 0.7065055166907988 1
244 1 0.9264938327662157 1
245 0 0.9167681814514947 0
246 1 0.7541596621535306 1
247 1 1.000000008227762 1
248 0 1.0000000000010778 0
249 0 0.8638593318327787 0
250 1 0.9626176710383938 0
251 0 1.0000000000000024 0
252 1 1.0000000000017333 1
253 0 0.7828184275700905 0
254 1 0.9421097723770444 1
255 0 1.0000000145539476 0
256 1 0.9930693339413471 1
257 1 1.000000009851441 1
258 1 0.9971870127341158 1
259 1 0.9024408617826728 1
260 1 0.8460868823779089 1
261 1 1.0000000000018456 1
262 1 0.9576978586186362 1
263 0 1.0000000000045357 0
264 1 0.9270887332234201 1
265 0 0.9995911305279186 0
266 1 0.9074075166821777 1
267 1 0.8718748650616219 1
268 0 0.9807352380592522 0
269 1 0.7197315893798365 1
270 1 1.0000000000027647 1
271 1 0.7985796886459221 1
272 0 0.9905849612359406 0
273 1 0.871499654643986 1
274 1 1.0000000001150189 1
275 0 1.0000000000012033 0
276 1 1.0000000000671168 1
277 1 0.9566011745051184 1
278 0 0.8682457637647555 0
279 1 0.6622552369117233 0
280 1 1.0000000002367422 1
281 1 1.0000000000007045 1
282 1 1.0000000000091112 1
283 1 0.7756870727548266 1
284 1 0.9833695756684084 1
285 1 1.000000000069012 1
286 0 0.999658700524129 0
287 1 1.0000000007084011 1
288 1 0.8559304706575814 0
289 1 0.9281884341591815 1
290 0 0.9353417477844262 0
291 1 0.8034436379436931 1
292 1 1.00000000465707 1
293 1 0.8643597591928506 0
294 1 1.0000000087440253 1
295 1 0.7951859160289603 0
296 1 1.0000000002298914 1
297 1 0.9101714025527219 1
298 0 1.0000000000943063 0
299 1 0.9585626107739516 0
300 0 1.0000000000000204 0
301 1 0.8251587246228808 1
302 1 0.8474011800450638 1
303 1 0.8389000175140132 0
304 1 0.9488835957724454 1
305 1 0.9610785247423352 1
306 0 1.0000000000050413 0
307 1 0.8817682175721104 1
308 0 0.8564090790606409 0
309 1 0.9869440882268854 1
310 0 1.0000000000055518 0
311 0 1.000000000412 0
312 1 0.8256568008979748 1
313 1 1.0000000111678813 1
314 1 0.9347465319940134 1
315 1 1.000000010530806 1
316 1 0.7983711611154374 1
317 1 0.9081224874548239 1
318 1 0.6951493577541495 0
319 0 0.9103763641656453 0
320 1 0.9769851700036203 0
321 1 1.000000000000672 1
322 1 0.9247779533290781 1
323 0 1.0000000093870076 0
324 0 0.9603009367304232 0
325 1 1.000000005328041 1
326 0 1.0000000071210415 0
327 1 1.0000000063461487 1
328 1 1.0000000024213793 1
329 0 0.9987911399332886 0
330 1 0.948361258093374 1
331 1 0.8967847192286785 1
332 0 1.000000000001674 0
333 1 1.0000000033996148 1
334 1 0.980763184045148 1
335 1 0.9551386869489529 1
336 1 0.8678333416751849 1
337 1 0.8837073393497173 1
338 1 0.905194103170112 0
339 1 1.0000000024674311 1
340 0 0.9816463014076625 0
341 0 1.0000000008862813 0
342 1 0.9587936232776371 1
343 1 0.9737947191625708 1
344 1 0.8474224945883025 1
345 1 0.9611650404462082 1
346 0 0.8980365365938836 0
347 0 1.0000000000060458 0
348 1 0.9630985238956316 0
349 1 0.9272999892161267 0
350 1 0.7621803662709511 1
351 1 0.9615684430284834 1
352 1 1.000000011971168 1
353 1 0.9609396420344883 1
354 0 1.0000000305481502 0
355 1 0.9002668475023967 1
356 0 0.9969327038411234 0
357 1 0.9091223474981304 1
358 0 1.0000000005108094 0
359 1 0.9247694005073341 1
360 1 0.9460329800172209 0
361 1 0.9971942728181873 1
362 1 0.8333611194663725 1
363 0 0.9572368426783985 0
364 1 0.9688490607969664 1
365 1 1.000000000004995 1
366 1 1.0000000000011902 1
367 1 0.9485208250977102 1
368 1 0.8168860231543263 1
369 1 0.8317273446514946 0
370 1 0.9380246629543942 1
371 1 0.943080085211169 1
372 1 0.8297461732991153 1
373 0 1.0000000245112135 0
374 1 0.8511307834046887 1
375 0 1.0000000173885806 0
376 1 0.7789164952225497 0
377 0 1.0000000004443692 0
378 1 0.8533782838007066 1
379 0 1.0000000015358395 0
380 1 0.8383652721494986 1
381 0 0.8362716237937837 0
382 1 0.9659437571141265 1
383 1 0.9211896976317548 1
384 1 0.8207708829322752 0
385 1 0.749421579318173 0
386 1 0.9551236314621403 1
387 1 1.0000000022478694 1
388 1 0.8667312031977256 1
389 1 0.9607504740405458 1
390 1 1.0000000025785445 1
391 1 0.9426542536171657 1
392 0 1.0000000134974465 0
393 0 1.0000000000046299 0
394 1 0.8989580185235423 1
395 0 1.0000000000000544 0
396 0 1.000000000004813 0
397 1 0.9344824435842972 1
398 0 1.000000000001792 0
399 1 0.9273564652572501 1
400 1 0.9809889300487935 1
401 0 1.0000000003119502 0
402 1 0.6009004481102603 1
403 1 0.9152980665196484 1
404 1 0.927751971770272 1
405 1 0.9004406831575074 0
406 1 0.9860360385975272 1
407 1 0.872251207056353 0
408 1 0.8871126652899165 1
409 1 0.9902961174461651 1
410 1 0.8848351922290656 1
411 1 0.8277977057359723 1
412 1 0.7402898202676098 1
413 0 0.99652702887137 0
414 0 1.0000000000630476 0
415 1 0.6607116887450609 1
416 1 0.9351983335559676 1
417 0 0.9200701444780155 0
418 1 0.8574601190049527 1
419 1 0.8421331000723176 1
420 1 0.9036367168122714 1
421 1 1.0000000280041152 1
422 1 0.9929451083755118 1
423 0 1.000000000013505 0
424 1 0.9959814463308293 1
425 1 0.7163550069245658 1
426 1 0.9410517502027056 1
427 1 1.0000000024894207 1
428 1 0.8192928212859505 0
429 0 1.0000000000001081 0
430 0 0.9911351880142192 0
431 1 0.8863133454615268 1
432 0 1.0000000021747404 0
433 1 1.0000000001385028 1
434 0 1.000000000032406 0
435 1 1.000000000014362 1
436 0 1.0000000004129963 0
437 1 0.8581903663366757 1
438 0 0.9541676302746314 0
439 1 0.860260447790741 1
440 1 0.9889852724515703 0
441 1 0.8871809334491818 1
442 1 0.94176493808683 1
443 1 0.9266194106924186 1
444 1 0.9968044040138228 1
445 1 0.7193689273903521 1
446 0 1.000000000078905 0
447 0 1.000000014234101 0
448 0 1.0000000000032154 0
449 1 1.000000000063874 1
450 1 1.0000000006506022 1
451 1 0.9267104182775603 1
452 1 0.9943830362485275 1
453 1 0.8247079630329719 1
454 1 0.63032986968448 1
455 1 1.0000000102362272 1
456 1 1.000000019129323 1
457 0 1.000000004041966 0
458 1 0.8293603617134406 1
459 1 1.000000024163294 1
460 1 1.0000000025801152 1
461 1 0.743901351087694 1
462 0 1.0000000209763884 0
463 1 0.9669334985443165 0
464 0 1.0000000000053935 0
465 1 1.0000000000048366 1
466 1 1.000000000000531 1
467 1 1.0000000116464038 1
468 1 0.9156143942215084 1
469 0 0.954352544020343 0
470 1 0.8143706390878355 1
471 1 0.9564588587883123 1
472 0 1.0000000000067057 0
473 1 1.0000000086237304 1
474 1 0.9821073202890195 1
475 0 1.0000000023696414 0
476 1 0.7428351101598506 1
477 1 0.9467018278990017 0
478 1 0.8085686108033502 1
479 1 0.9041950296205606 1
480 1 0.7367681640464684 1
481 0 1.0000000000069489 0
482 1 0.9065890076937251 1
483 1 1.0000000005489647 1
484 1 0.9978477032740984 0
485 1 0.66661300944216 1
486 0 0.9499505009902934 0
487 1 0.8615239118550747 0
488 1 0.8838722725745038 1
489 1 0.986414317848597 1
490 1 0.8448484007977278 1
491 1 0.9227566516495771 0
492 1 0.881193667219805 1
493 1 1.0000000001250313 1
494 0 0.9509057812701514 0
495 0 0.9489180442994697 0
496 1 0.7754654560938892 1
497 0 1.0000000005727927 0
498 1 0.94563408393305 1
499 1 0.9902062905248814 1
0 1 0.9394778982090973 1
1 0 1.0000000000318192 0
2 1 1.0000000000003282 1
3 1 0.9465526160026609 1
4 1 0.9169844635522447 1
5 1 0.5759554305144555 1
6 1 0.9915464687859049 1
7 0 1.0000000001432165 0
8 0 1.0000000006130727 0
9 1 0.9214267112651734 1
10 0 1.0000000356010068 0
11 0 1.0000000000003855 0
12 1 1.0000000387339387 1
13 1 1.0000000089486214 1
14 1 0.9910607481191803 1
15 1 1.0000000025494475 1
16 1 0.8849700730499144 1
17 1 1.0000000000009042 1
18 0 1.0000000000001796 0
19 1 1.0000000000006604 1
20 1 1.000000000059422 1
21 1 1.000000013250618 1
22 1 1.0000000000341425 1
23 1 0.9361965782797246 0
24 1 0.9628669429362496 1
25 1 0.9603060261183246 0
26 1 0.9716713525348845 1
27 1 0.9776243166397983 1
28 1 0.8251909349341991 1
29 0 1.0000000005819019 0
30 1 1.0000000001511817 1
31 1 1.0000000007939005 1
32 1 0.9829407988742701 1
33 1 0.8760493212485122 1
34 1 1.0000000000003446 1
35 1 1.0000000003279308 1
36 1 0.9585201748986891 1
37 1 0.7599138545824652 1
38 1 0.871949386126544 1
39 1 0.7424257039412229 0
40 0 1.000000031674149 0
41 0 1.0000000015183395 0
42 1 0.7560394953768617 1
43 0 1.0000000000000697 0
44 1 1.0000000000168465 1
45 1 0.9845603577269378 1
46 1 0.9493071723824783 1
47 0 1.000000000003907 0
48 1 0.9976594205160592 1
49 1 0.980422821086661 1
50 0 1.0000000000271103 0
51 0 0.9524194328252368 0
52 1 0.7441829336424856 0
53 1 0.8571872702823968 1
54 1 0.9568743045646262 1
55 1 0.8238688983018233 1
56 1 1.0000000047143967 1
57 1 0.7330555460498975 1
58 0 1.0000000000017408 0
59 1 1.000000000018168 1
60 1 0.9546736741882178 1
61 1 0.9817150494680091 1
62 1 0.9434287169205433 1
63 1 0.9471835022865517 1
64 1 0.8911070301853465 0
65 1 0.8940472171630647 1
66 1 0.8557152206426788 0
67 1 0.7960879237115908 1
68 1 0.821286197867428 1
69 1 0.8536536201213529 0
70 1 1.0000000000025548 1
71 1 1.000000000024044 1
72 0 1.0000000000000027 0
73 1 0.9576739440873426 1
74 1 0.8523807759087662 1
75 1 0.8973808950956315 0
76 1 0.8126685806706031 1
77 1 1.0000000003568903 1
78 1 0.7801236602045574 1
79 1 1.0000000284596942 1
80 0 1.0000000000044358 0
81 1 0.9991189900037957 1
82 1 0.908519649982567 1
83 1 0.9361844513587657 0
84 1 0.8126822763739843 1
85 1 1.0000000000052973 1
86 1 0.8761219361063549 1
87 1 0.8854697631775683 1
88 1 0.8156487307500774 1
89 1 0.8619013168443318 1
90 1 0.7399865948036995 1
91 1 0.8863238291138246 1
92 0 1.0000000000007192 0
93 1 0.8926637576111042 1
94 1 0.7920424412899012 1
95 1 0.9181102712666166 1
96 1 0.7476815370945271 1
97 1 0.9264211971442589 1
98 0 1.0000000034563805 0
99 1 0.9387880865080663 1
100 1 0.7081092890296665 1
101 0 1.0000000001158158 0
102 1 0.9419295780503433 1
103 0 0.7490919858994529 0
104 1 0.9804907405396601 1
105 1 0.7389731876437501 1
106 1 0.9914823894734244 1
107 1 0.8514451568544437 1
108 0 1.0000000000971547 0
109 1 1.0000000000043558 1
110 1 0.8037978112674115 1
111 1 0.990677929211246 1
112 0 0.9582254154219665 0
113 1 0.9555094668287927 1
114 0 1.0000000003232972 0
115 1 0.9927628320892119 1
116 1 0.8593656429071928 1
117 1 0.8907925274340883 1
118 1 1.000000000003977 1
119 0 0.9134467878086184 0
120 1 0.9598600267488483 1
121 1 0.9049624378027696 1
122 0 0.9885040349066286 0
123 1 0.9290877564595624 1
124 1 0.689495527466169 1
125 1 1.000000000006433 1
126 0 1.0000000053137132 0
127 1 0.8165215934525367 1
128 1 0.9633911572440382 1
129 1 0.8933782339728561 0
130 1 0.9897097023867306 1
131 1 0.8995629821548766 1
132 0 1.0000000005522414 0
133 1 0.8423943717727987 0
134 1 0.9782269610389983 1
135 1 1.0000000009726766 1
136 1 1.0000000001814386 1
137 1 0.8362910948672411 0
138 1 0.932358438297553 0
139 1 0.8268384945040382 1
140 1 1.0000000001356912 1
141 1 1.000000000022718 1
142 1 0.9901526074159833 1
143 1 0.9652632212397451 1
144 1 0.959394806052595 1
145 1 0.911660378444747 1
146 1 0.9632067786464323 1
147 1 1.0000000014442925 1
148 1 0.7178449279176002 1
149 0 0.9873024763669145 0
150 1 1.0000000000498526 1
151 1 1.000000001540745 1
152 1 0.8427503880681465 0
153 1 0.8187524555562035 0
154 1 0.9469385624887182 1
155 1 0.959628099443214 1
156 1 0.9263701294676615 1
157 1 0.8733141580421888 0
158 0 1.000000001747297 0
159 1 1.0000000071265316 1
160 1 0.6171580707971831 1
161 1 0.9996535903818009 1
162 1 0.887410202305786 1
163 0 0.9072810899429278 0
164 1 0.9687540308512077 1
165 0 1.000000018148234 0
166 1 1.0000000016209267 1
167 1 0.9535668419096643 1
168 1 0.9440639326479162 1
169 0 1.0000000007163266 0
170 0 1.0000000003092167 0
171 1 0.860781468093065 1
172 0 0.9894483980543877 0
173 1 0.6325659760326656 1
174 0 0.9893254342666683 0
175 1 1.000000023747337 1
176 0 1.00000000000048 0
177 1 1.0000000000032236 1
178 0 1.0000000000021259 0
179 1 0.9379561918465735 0
180 0 0.9888673521604112 0
181 0 1.0000000000086424 0
182 1 0.9226109245611444 1
183 1 0.9263956292871889 1
184 1 1.000000000308838 1
185 1 0.7828933101816414 1
186 0 1.0000000000048812 0
187 1 0.8467574893647414 1
188 0 1.0000000000032399 0
189 1 0.9983621631869443 1
190 0 1.000000000020218 0
191 1 0.9112284733557314 1
192 0 1.000000000003879 0
193 0 0.9784016526820118 0
194 1 0.9999999999999801 1
195 1 0.7363955348752388 1
196 1 1.0000000011953498 1
197 0 0.9497439707073024 0
198 1 0.923758530826883 0
199 0 1.0000000347009046 0
200 1 0.9020330712047014 1
201 1 1.0000000000111493 1
202 1 0.9449328219374793 1
203 1 0.9366036191181025 1
204 0 1.0000000001662273 0
205 0 1.0000000001186244 0
206 0 0.9735741049089712 0
207 1 1.0000000000111768 1
208 1 0.9479224998507797 1
209 1 0.8200728220802477 1
210 1 0.6951564000693123 1
211 0 1.0000000002702916 0
212 1 0.7798198440384633 1
213 0 1.0000000000007556 0
214 0 1.000000003216008 0
215 1 1.0000000000006737 1
216 1 1.0000000000011844 1
217 1 0.973127424282876 0
218 1 0.9000673265799736 1
219 0 1.0000000010456187 0
220 1 0.7334484721645919 1
221 1 0.8931131960874025 1
222 1 0.6879969411860744 0
223 1 0.7231839677975854 0
224 0 0.9417855870590239 0
225 1 0.986467452396269 1
226 1 1.0000000000019624 1
227 0 1.0000000000000109 0
228 1 1.00000000005925 1
229 1 1.000000000003289 1
230 1 0.8830223111929817 1
231 1 0.8705195119708518 1
232 1 0.9586686943062322 1
233 1 0.9731877897043133 0
234 1 1.000000000017273 1
235 0 1.0000000093087353 0
236 1 0.7711564649643723 1
237 1 0.9996302317650486 1
238 0 1.0000000124632862 0
239 1 1.0000000000412645 1
240 1 0.8173050553786808 0
241 1 0.9241466488108344 1
242 1 0.8927552086156022 1
243 0 1.0000000000000515 0
244 1 0.983341616029475 1
245 0 1.0000000124112045 0
246 1 1.000000000095131 1
247 0 1.0000000002654192 0
248 1 0.792618497626773 1
249 1 0.7569067279716564 0
250 0 0.9943491175798511 0
251 1 0.7062079619441943 1
252 1 0.9055577129396268 0
253 1 0.8913041757163691 1
254 1 0.6902163420756755 1
255 1 0.8869094673126081 1
256 0 0.9156870359769088 0
257 1 0.996612219968164 1
258 1 0.9534116338408287 1
259 0 0.9972874238948644 0
260 1 0.8927720382170615 1
261 1 0.9975914834766956 1
262 1 0.6765636851566219 1
263 1 1.0000000000015081 1
264 1 1.000000000007462 1
265 1 0.7397960547942456 1
266 1 0.897362039199343 1
267 1 0.8875344794387323 1
268 0 1.0000000063274974 0
269 0 1.0000000000007587 0
270 0 1.0000000000028442 0
271 1 1.0000000000049691 1
272 1 1.0000000243900795 1
273 0 1.0000000257367383 0
274 0 0.7848775570566474 0
275 1 0.8811474301004696 1
276 1 0.9899409107421763 1
277 0 1.0000000000017397 0
278 1 1.0000000000201905 1
279 1 0.9230782198442873 1
280 1 0.8875620476063991 1
281 1 1.0000000000042806 1
282 1 0.9300451669432622 1
283 0 1.00000000002105 0
284 1 0.8124251563105731 1
285 1 1.0000000000034006 1
286 1 1.0000000000005536 1
287 1 1.000000000019525 1
288 1 0.9325470224843625 1
289 1 0.8001068898908241 1
290 1 0.976351335578234 1
291 0 1.0000000069706814 0
292 1 1.0000000001113232 1
293 0 1.000000000836822 0
294 1 0.8304576926476759 1
295 1 1.0000000000001943 1
296 1 0.8234520820552607 1
297 1 0.7808222251809211 1
298 0 1.0000000000006706 0
299 1 1.0000000000003542 1
300 1 0.9123226730265696 1
301 1 1.0000000085368348 1
302 0 1.0000000050912645 0
303 0 1.0000000000015463 0
304 1 1.0000000000240847 1
305 0 0.9485446077105902 0
306 1 0.9169207886593214 1
307 1 1.000000030106539 1
308 0 0.9394900138494436 0
309 1 0.9713242784616739 1
310 1 1.0000000000070128 1
311 0 1.0000000000001386 0
312 1 1.0000000003814713 1
313 1 0.87287461758341 1
314 0 1.0000000000002658 0
315 1 1.0000000000059115 1
316 1 0.8453285198978441 1
317 1 0.966780185982944 1
318 0 1.0000000164076774 0
319 1 1.0000000000184663 1
320 1 0.9804402343511408 0
321 1 0.8648372758950414 1
322 0 0.9490186213278752 0
323 0 1.0000000000049756 0
324 1 0.8123562056630375 0
325 1 1.0000000000022928 1
326 1 0.9424985990541317 1
327 1 0.9205099503194591 1
328 1 0.8442437108299672 1
329 0 1.0000000000028328 0
330 1 0.9951216727118367 1
331 1 0.7135406350940253 1
332 1 0.6861161398366116 1
333 1 0.8309504655829423 1
334 1 0.9246665086526192 1
335 1 1.0000000000061482 1
336 0 1.0000000000014948 0
337 0 0.8280333318844678 0
338 1 1.0000000272885674 1
339 1 0.9250047378638766 1
340 1 0.9026087478282678 1
341 0 1.0000000000005909 0
342 0 1.0000000005447671 0
343 1 0.9848538342070826 1
344 1 0.7820291703642827 1
345 1 0.6880925297366578 1
346 1 0.9265753227374857 1
347 1 1.0000000001510212 1
348 1 1.0000000000003113 1
349 1 0.8557594400576835 1
350 1 0.8839987595443256 0
351 1 0.9090065727825652 0
352 1 0.8245652764510946 1
353 1 0.8818145244309328 1
354 0 1.0000000000480413 0
355 1 0.9560999607046289 1
356 1 0.8759699290127139 0
357 1 0.9685769251521305 1
358 1 0.8261572815872431 1
359 0 1.000000020433919 0
360 0 1.000000007973543 0
361 1 0.9518750581304589 1
362 0 0.9643417596236571 0
363 1 0.9158379813030056 1
364 1 1.000000000001498 1
365 0 0.9985686496295224 0
366 1 0.9550592666546948 1
367 0 1.000000000000327 0
368 0 0.8908738351189178 0
369 1 0.8792876529095813 1
370 1 1.000000006509502 1
371 0 0.8179240759407288 0
372 1 0.7946323698266441 1
373 1 0.7646143144496225 1
374 1 0.8920024703116 1
375 0 1.0000000131940403 0
376 1 0.8734917386495726 1
377 1 0.9902278750853499 1
378 1 1.000000001077653 1
379 0 0.9971542346148579 0
380 1 0.9512151201971515 1
381 1 1.0000000003349108 1
382 1 0.8058338822808706 0
383 1 1.0000000000082074 1
384 1 0.8805707990969622 1
385 0 1.0000000403426035 0
386 1 0.7700872570410077 0
387 1 0.8407368326465156 1
388 1 0.9967531370256205 1
389 0 0.9443829753687152 0
390 0 0.8914467875588299 0
391 1 0.935219768263596 1
392 1 0.9381939051741535 1
393 1 0.8804217488187351 0
394 0 1.0000000041655468 0
395 1 1.0000000000688358 1
396 0 0.8058437594105451 0
397 1 0.7889178987528211 0
398 0 1.000000000001575 0
399 1 0.9714417751188591 1
400 1 1.0000000229181591 1
401 1 0.7646635089094196 1
402 0 1.0000000000336113 0
403 1 0.9004024101701172 1
404 1 0.9306646455525844 1
405 1 1.0000000003173761 1
406 0 1.000000000494831 0
407 1 1.000000004106878 1
408 0 1.0000000394208064 0
409 1 1.000000013618737 1
410 1 0.7250420474347175 0
411 1 0.916766799250149 1
412 1 0.9936075488236566 1
413 1 0.8792177269713373 0
414 0 1.00000000350362 0
415 0 1.000000013680152 0
416 0 1.0000000022414515 0
417 1 0.9249490858671974 0
418 0 1.0000000000000124 0
419 1 0.9867960195093882 1
420 1 0.8815908585372384 1
421 0 1.0000000000000169 0
422 1 1.0000000000841809 1
423 1 1.000000000117588 1
424 0 1.000000000000433 0
425 1 0.7009865020393514 0
426 0 1.0000000000027631 0
427 1 1.000000000020471 1
428 1 0.9103963053759097 1
429 1 0.9606155144758403 1
430 1 1.0000000000004718 1
431 1 0.8975764845984749 0
432 1 0.9378806541098357 1
433 0 0.9787615357980071 0
434 0 1.0000000000123748 0
435 1 0.9457657903750711 1
436 1 0.9616508778386264 1
437 1 0.8961819340644848 1
438 1 0.7177480851487636 1
439 0 1.0000000000010296 0
440 1 0.7685317248923202 0
441 1 1.0000000000011269 1
442 1 0.820184197046415 1
443 1 1.0000000000022617 1
444 1 0.9415192859274828 1
445 1 0.8175995227564111 1
446 1 1.0000000005161178 1
447 0 1.0000000098873632 0
448 1 0.9334259974432915 1
449 1 0.9017597246361713 1
450 1 0.9731848256896058 1
451 1 1.0000000000004696 1
452 1 1.0000000002371654 1
453 1 0.9082853873245335 1
454 1 0.9431297339031197 1
455 0 0.9791495925309094 0
456 1 0.8383224711410683 1
457 1 1.000000000708803 1
458 1 0.8977919215141669 1
459 1 1.0000000011399353 1
460 1 0.8787139134916595 1
461 1 1.0000000005823044 1
462 1 0.8956983958746435 1
463 1 0.8216346826029165 1
464 1 0.9712628181466606 1
465 1 0.8487910126028656 1
466 1 1.0000000129004527 1
467 0 1.0000000001709568 0
468 1 0.8002772610369056 1
469 1 0.9256453081329201 1
470 1 0.901422946289167 0
471 1 0.7053777832471496 1
472 1 0.9201124222885362 1
473 0 1.0000000000383653 0
474 1 0.8917322333294734 1
475 1 0.7631273796089681 0
476 1 0.8989209054394337 1
477 1 1.0000000002697667 1
478 0 0.7916127639682095 0
479 0 0.9727711473489865 0
480 1 0.9858495715620372 1
481 1 1.0000000043464305 1
482 0 1.000000000600467 0
483 1 1.0000000000223426 1
484 0 1.0000000009568988 0
485 0 1.0000000001357798 0
486 1 0.9138125871830862 1
487 0 1.0000000009844003 0
488 0 0.9244767810773578 0
489 1 0.8449303517728122 1
490 0 1.0000000086468577 0
491 1 1.000000000002209 1
492 1 0.8760799048375721 1
493 1 0.7830702461559259 1
494 1 0.9536445018516336 1
495 1 0.9506925227572105 1
496 1 0.8740493575449629 1
497 1 0.86258636686218 1
498 1 1.0000000168055743 1
499 1 0.9817971463243764 1