1 1 0.38889387886617577 0
1 1 0.3813109965444329 0
2 1 0.2061602077494271 0
3 1 0.3053322842593732 1
4 1 0.26680770473205134 0
5 1 0.11761042586157852 0
6 1 0.34044106437119226 0
7 1 0.8267384844608845 0
8 1 0.465237209089991 0
9 1 0.33848856763141694 0
10 1 0.2869533164726125 0
11 1 0.3223760823120833 0
12 0 0.6802691843663459 0
13 1 0.41734063536618626 0
14 1 0.42655712413680513 0
15 1 0.18498743934114684 0
16 1 0.4557197073487333 0
17 1 0.23143048629579863 0
18 1 0.38282227246790324 0
19 1 0.24953914337820463 0
20 1 0.4123431649294443 0
21 1 0.3730206090711817 0
22 1 0.5990944176501646 0
23 1 0.31020191415227566 0
24 1 0.6446577703090575 0
25 1 0.36025915349232185 0
26 1 0.3387514412632734 0
27 1 0.8125139301474266 0
28 1 0.23581765237348964 0
29 1 0.504086819792314 0
30 1 0.554126456835275 0
31 1 0.6371215729331564 0
32 1 0.44897107819777515 0
33 1 0.677717668103948 0
34 1 0.23119827977859014 0
35 1 0.3003912403911338 0
36 1 0.4266520014731093 0
37 1 0.6203265133187797 0
38 1 0.2093218098941157 0
39 1 0.2223636238039104 0
40 1 0.16841341983038965 0
41 1 0.5012231355880534 0
42 1 0.3090027499501282 0
43 1 0.33492079862149243 0
44 1 0.4869005047667846 0
45 1 0.2469834475845523 0
46 1 0.670753332888265 0
47 1 0.655458682467938 0
48 1 0.5549446899187478 0
49 1 0.7288358884075281 0
50 1 0.3202127320056006 0
51 1 0.5350935675246984 0
52 1 0.2599343392773574 0
53 1 0.5510875793474728 0
54 1 0.5309336738253689 0
55 1 0.346620429137504 0
56 1 0.17870248624157636 0
57 1 0.19594713376712544 0
58 1 0.6882770153639286 0
59 1 0.6035667268836574 0
60 1 0.27849468554610124 0
61 1 0.5233870725072455 0
62 1 0.3067835754936557 0
63 1 0.4571092904164799 0
64 1 0.381200783507491 0
65 1 0.4781825602737143 0
66 1 0.21893368464656793 0
67 1 0.3256742166856334 0
68 1 0.4532373288421778 0
69 0 1.0000000000095508 0
70 1 0.13017490483617722 0
71 1 0.3097241360831557 0
72 1 0.1709446276088719 0
73 0 0.9315072222734618 0
74 1 0.10234095104697451 0
75 1 0.27852860801205936 0
76 1 0.1030623300325154 0
77 1 0.4293305886496385 0
78 1 0.6261371934661342 0
79 1 0.7338128126588443 1
80 0 0.7639620511549653 0
81 1 0.23214176163618638 0
82 1 0.13505631888899763 0
83 1 0.08469076648333583 0
84 1 0.5320062159657164 0
85 1 0.18468737022695447 0
86 1 0.29962566625364817 0
87 1 0.19623283133248406 0
88 1 0.37019234806381657 0
89 1 0.5273567758624523 0
90 1 0.3715331510545947 0
91 1 0.4931989251989086 1
92 1 0.3083733054601673 0
93 1 0.7750268969685988 0
94 1 0.2413643596292759 0
95 0 1.0000000000009488 0
96 1 0.5687900948486592 0
97 1 0.6496758946690833 0
98 1 0.4096442887560765 0
99 1 0.5197344699520426 1
100 1 0.20585926579040692 0
101 1 0.551919036047007 1
102 1 0.590345335285794 0
103 1 0.5516448135151308 0
104 1 0.48880354226030176 0
105 1 0.30186539484689534 0
106 1 0.25222347112898263 0
107 1 0.460453012079423 1
108 1 0.5972452769422096 0
109 1 0.3759026998018704 0
110 1 0.5231241897618283 0
111 1 0.23333544607496795 0
112 1 0.5228685716935924 0
113 1 0.13851278590034277 0
114 1 0.21252298489190197 0
115 1 0.43798350670790587 0
116 1 0.2709482207840609 0
117 1 0.1446335252610561 0
118 1 0.11433427928487015 0
119 1 0.1426602250816761 0
120 1 0.3500134967046399 0
121 1 0.08928787025174838 0
122 0 0.8665029867501002 0
123 1 0.17297595453872808 0
124 1 0.30643582913103445 0
125 1 0.24458332297394447 0
126 1 0.36830166323392355 0
127 1 0.6431406103648037 0
128 1 0.3034090624146405 0
129 1 0.37242812135969866 0
130 1 0.2171243579589637 0
131 1 0.3402767046399005 0
132 1 0.5053439013900809 0
133 1 0.34410093066573066 0
134 1 0.1810909802737664 0
135 1 0.3682969619253188 0
136 1 0.17343259056174887 0
137 1 0.33914385213735443 0
138 1 0.3739091138207907 0
139 1 0.20736604321000113 0
140 1 0.15989426761449504 0
141 1 0.21822329317249198 1
142 1 0.3348920607162857 0
143 1 0.2483738122049376 0
144 1 0.30225165757236605 0
145 1 0.13003544386407637 0
146 1 0.20069940944984838 0
147 1 0.10398089491722604 0
148 1 0.3600659349924113 0
149 1 0.22497382146355682 0
150 1 0.0705456309148247 0
151 1 0.20538332500484363 0
152 1 0.38958321206608715 0
153 1 0.5918999403733378 0
154 1 0.28123301051881583 0
155 1 0.12429402268152868 0
156 1 0.26594412651003657 0
157 1 0.24856614012819608 1
158 1 0.4928657095311716 1
159 1 0.1620705341726837 0
160 1 0.4337738857550478 0
161 1 0.18214971680079212 0
162 1 0.5504332604107495 0
163 1 0.26209679868730423 0
164 1 0.6455432460009738 0
165 1 0.22921308288372558 0
166 1 0.33378152764906543 0
167 1 0.29495676518084535 1
168 1 0.44391133784178843 0
169 1 0.2598965785160548 0
170 1 0.20266965300772688 0
171 1 0.0754661013441339 0
172 1 0.48819800156005827 0
173 1 0.2823860605676336 0
174 1 0.17671506564748868 0
175 1 0.1906793509736117 0
176 1 0.8278027190069098 0
177 1 0.3435796067791014 0
178 1 0.3532391990578109 0
179 1 0.2534864312998318 0
180 1 0.16842422551684463 0
181 1 0.3671654207520116 0
182 1 0.15745376699819089 0
183 1 0.2742017742854972 0
184 1 0.20049164747414372 0
185 1 0.5215088784457775 0
186 1 0.274622574379224 0
187 1 0.11252698927239035 0
188 1 0.27926149635335773 0
189 1 0.7139383548553581 0
190 1 0.70036347673517 0
191 1 0.6148943251899591 0
192 1 0.1714270582595433 0
193 1 0.45058698680691023 0
194 1 0.5077741967690867 0
195 1 0.510981105964551 0
196 1 0.575484871729586 0
197 1 0.5335072849040515 0
198 1 0.0870350657318595 0
199 1 0.3707815448721545 0
200 1 0.6791268749408408 0
201 1 0.2580802574316272 0
202 1 0.1957953006486569 0
203 1 0.4757885061959052 0
204 1 0.7865238157024106 0
205 1 0.29546540687492134 0
206 1 0.6350394179139033 0
207 1 0.6799399366131414 0
208 0 0.880967130075201 0
209 1 0.29098911870503447 0
210 1 0.351156032431301 0
211 1 0.18745230910759852 0
212 1 0.3549016962520915 0
213 1 0.4821434150624731 0
214 1 0.376279555015818 0
215 1 0.5758019930634248 0
216 1 0.15998598494571808 0
217 1 0.20483980779868452 0
218 1 0.29669406437495527 0
219 1 0.14630357551809106 0
220 1 0.16884917273415875 0
221 1 0.34541808211944036 0
222 1 0.16034801510561333 0
223 1 0.3706652080949443 0
224 1 0.37640235882361145 0
225 1 0.3334474138315252 0
226 1 0.34134303963114465 0
227 1 0.5636944650446818 0
228 1 0.6642167468999859 0
229 1 0.23497858884082176 0
230 1 0.1705688376002094 0
231 1 0.05723459058106901 0
232 1 0.4532702328859361 0
233 1 0.5633536246036127 0
234 1 0.5002830180786293 0
235 1 0.40160772346982937 0
236 1 0.09749811974003698 0
237 1 0.5279384184719821 0
238 1 0.1578927375198039 0
239 1 0.2615634636219414 0
240 1 0.632438571314246 0
241 1 0.5734298943441707 0
242 1 0.27417259817541323 0
243 1 0.34621569983775585 1
244 0 0.861320289062159 0
245 1 0.3407105175728913 0
246 1 0.2419623445362517 0
247 1 0.18710937104738923 0
248 1 0.15917674561392486 0
249 1 0.3647888752898602 0
250 1 0.5509025663391497 0
251 1 0.8995593161105295 0
252 1 0.35341818919499585 0
253 1 0.40232249873897313 0
254 1 0.4614201901017806 0
255 1 0.13769003034553065 0
256 1 0.699963257415193 0
257 1 0.3677040738632447 0
258 1 0.6547776680807944 0
259 1 0.46882340838567205 0
260 1 0.2022400203689859 0
261 1 0.24329356605959834 0
262 1 0.9300994039762371 0
263 1 0.43028854295727265 0
264 1 0.19462727343053252 0
265 1 0.19059907207467883 0
266 1 0.4087696546305546 0
267 1 0.4000053235442802 0
268 1 0.34580141352993976 0
269 1 0.5222736758181804 0
270 0 0.9353817354771913 0
271 0 0.7430092014091472 0
272 1 0.5819465329618059 0
273 1 0.549502242269233 0
274 1 0.15944527433705238 0
275 1 0.6269713350863929 0
276 1 0.17978139777930627 0
277 1 0.6299216080312215 0
278 1 0.36923012490783713 0
279 1 0.6971249453314411 0
280 1 0.14035078373614315 0
281 1 0.3492543538123336 0
282 1 0.7389730630868757 0
283 1 0.24804038299925338 0
284 1 0.17880318750179364 0
285 1 0.45345094846369716 0
286 1 0.5202366320178794 0
287 1 0.6948129951471659 0
288 1 0.29627514863953486 0
289 1 0.2187246333112025 1
290 1 0.041434507853611746 0
291 1 0.5500552632341578 0
292 1 0.24194533392132567 0
293 1 0.2562670869755303 0
294 1 0.3277700663817489 0
295 1 0.21805785223798327 0
296 1 0.5059203282077593 0
297 1 0.5238553240043892 0
298 1 0.21265614679810377 0
299 1 0.6510770387374107 0
300 1 0.30288002986818263 0
301 0 0.8828662214422732 0
302 1 0.7035749947769705 0
303 1 0.27103525955490093 0
304 1 0.13680257319046 0
305 1 0.33250195126943427 0
306 1 0.4285443410421347 0
307 1 0.28600690039372867 0
308 1 0.5030898887808036 1
309 1 0.37656304291617326 0
310 1 0.30533604688084304 0
311 1 0.3323716152841611 0
312 1 0.19745202057496328 0
313 1 0.23392084264106952 0
314 1 0.21854707825569655 0
315 1 0.5502292330783067 0
316 1 0.14846794556927806 0
317 1 0.19660859239865316 0
318 1 0.5162762938174542 0
319 1 0.3543282834551888 0
320 1 0.33365791920691223 0
321 1 0.3257198432962985 0
322 1 0.3133706406338426 0
323 1 0.1453832920997395 0
324 1 0.20927958008694517 0
325 1 0.43326491150456115 0
326 1 0.29521176594339105 0
327 1 0.11553976862110987 0
328 1 0.21278062407069467 0
329 1 0.4822310888015655 0
330 1 0.3825314427575155 0
331 1 0.20666249398648048 0
332 1 0.18391803270157026 0
333 1 0.14152215504672136 1
334 1 0.22906437382849576 1
335 1 0.3275528918071168 0
336 1 0.5918561655739362 0
337 1 0.40895498807186137 0
338 1 0.3503703339505209 0
339 1 0.7224512660016194 1
340 1 0.7441528015937143 0
341 1 0.572462951729923 0
342 1 0.4633589688705845 0
343 1 0.41812763988050317 0
344 1 0.15411161904284035 0
345 1 0.18502252840713107 0
346 1 0.5724656492558224 0
347 1 0.6460517803316949 0
348 1 0.5537922364453246 0
349 1 0.3326643890255401 0
350 1 0.15270969058617018 0
351 1 0.15648304146017722 0
352 1 0.2672982967346157 0
353 1 0.24435210934921803 0
354 1 0.22492699670992397 0
355 1 0.08486574807649964 0
356 1 0.2672440863933299 0
357 1 0.2448964335740011 0
358 1 0.2343378948448927 0
359 1 0.5208342963230225 0
360 1 0.16242435351736415 0
361 1 0.719223505614457 0
362 1 0.45457918765319383 0
363 1 0.525387271062302 0
364 1 0.48605636504080163 0
365 1 0.3743832103944856 0
366 1 0.2523662965636253 0
367 1 0.3604544724681658 0
368 1 0.4694563905438761 0
369 1 0.18916036394321295 0
370 1 0.3946931610802954 0
371 1 0.30590495160159376 0
372 1 0.4028372275199918 0
373 1 0.3891508051394796 0
374 1 0.34424706348588224 0
375 1 0.13447373297836634 0
376 1 0.3711414853909185 0
377 1 0.3217805430456268 0
378 1 0.20991063810480928 0
379 1 0.5558536713061161 0
380 0 1.0000000000048648 0
381 1 0.13622537431440884 0
382 1 0.12430995105176157 0
383 1 0.5471384905374862 0
384 1 0.5558239439867894 0
385 0 1.0000000000028857 0
386 1 0.275262082788314 0
387 1 0.20926259510640619 0
388 1 0.46655572394848127 0
389 1 0.1987341577381607 0
390 1 0.2591823098413264 0
391 1 0.5309206716211539 0
392 1 0.28451521038663086 0
393 1 0.38699796489687754 0
394 1 0.21750800205856113 0
395 1 0.23232656165920962 0
396 1 0.45755401729818823 0
397 1 0.26437637163141775 0
398 1 0.28646425465836783 0
399 1 0.2766976508204167 0
400 1 0.3183637548850879 0
401 1 0.4199824328446806 0
402 0 0.8327364312234337 0
403 1 0.3276091107679725 0
404 1 0.5252682079273943 0
405 1 0.12819930950231007 0
406 1 0.12604569079226216 0
407 1 0.04937072458761237 0
408 1 0.6919696503602499 0
409 1 0.24493877860908636 0
410 1 0.35827031018854405 0
411 1 0.1444873244695036 0
412 1 0.26295990711891404 0
413 1 0.28513888635754425 0
414 1 0.5711735550886813 0
415 1 0.26766985548930655 0
416 1 0.4876966773678903 0
417 1 0.21846749230812315 0
418 1 0.6424839556869715 0
419 1 0.23452606781631885 0
420 1 0.1585829638794427 0
421 1 0.1624774966867351 0
422 1 0.26598941552425426 0
423 1 0.11074599029068778 0
424 1 0.20540031362784705 0
425 1 0.5590220078477428 0
426 1 0.40566693588263625 0
427 1 0.5757793944942784 0
428 1 0.6541189762123435 0
429 1 0.32541832713408053 0
430 1 0.5358004836785443 0
431 1 0.09503350553934754 0
432 1 0.30607386032059186 0
433 1 0.0917494963140107 0
434 1 0.13130830658176268 0
435 0 0.9485558791137931 0
436 1 0.4837450934070344 0
437 1 0.2885336457782625 0
438 1 0.3843077450496213 0
439 1 0.2442789073383567 0
440 1 0.5004319585255645 0
441 1 0.2886061217676994 0
442 1 0.1787242739179804 0
443 1 0.40118729068043646 1
444 1 0.21104912454585215 0
445 1 0.46190163161471953 1
446 1 0.6224763163751986 0
447 1 0.2911079833059249 0
448 1 0.2880012644223717 0
449 1 0.34343625434019986 0
450 1 0.3770262455551245 0
451 1 0.35576809290142136 0
452 1 0.27564811883504076 0
453 1 0.22921333031042374 0
454 1 0.2379801274250451 0
455 1 0.521683769582652 0
456 1 0.4697817031035858 0
457 1 0.8182918591390382 0
458 1 0.13746384077569357 0
459 1 0.233658815480646 0
460 1 0.2772324055296726 0
461 1 0.6119471013373149 0
462 1 0.5138360438571619 0
463 1 0.5325403645558953 0
464 1 0.25134466068207145 0
465 1 0.7455880653539114 0
466 1 0.6609974115030197 0
467 1 0.3661885636077992 0
468 1 0.2956226794941196 0
469 1 0.3651674591970243 0
470 1 0.1617543496562588 0
471 1 0.6560857935659694 1
472 1 0.31119910348060764 0
473 1 0.5370470835654109 0
474 1 0.41604752952661334 0
475 1 0.28904643889394993 0
476 1 0.1642556007073504 0
477 1 0.13363144599332635 0
478 0 0.940918097768668 0
479 1 0.5027182972034634 0
480 1 0.10408724673471358 0
481 1 0.11083679188188184 0
482 1 0.19287059386824618 0
483 1 0.36408342437803476 0
484 1 0.16709223400025927 0
485 1 0.19687825415006735 0
486 1 0.1785023469753113 0
487 1 0.24621629285237992 0
488 1 0.5256574860147385 0
489 1 0.844900284377788 1
490 0 0.8873832796083118 0
491 1 0.41863718476945894 0
492 1 0.8135946690416389 0
493 1 0.2548601070790788 0
494 1 0.28032001388421873 0
495 1 0.16519511797648026 0
496 1 0.30305021998022336 1
497 1 0.09770075719417826 0
498 1 0.15028971659288046 0
499 1 0.17461979106195685 0
500 1 0.42838447002198904 0
501 1 0.28856885193383763 0
502 1 0.794349234449567 0
503 1 0.2506100382614078 0
504 1 0.2453671923471641 0
505 1 0.5262162838870699 0
506 1 0.4608364745096237 0
507 1 0.07837387700480435 0
508 1 0.2505044366905326 0
509 1 0.1091620130096868 0
510 1 0.3516015019411634 0
511 1 0.3298127470638087 0
512 1 0.462379137315129 0
513 1 0.6694488822702219 0
514 1 0.19910071076009875 0
515 1 0.11482133366860113 0
516 1 0.2952882578756621 0
517 1 0.386131289681151 0
518 1 0.3226551824797963 0
519 1 0.308859016517642 0
520 1 0.3960665558536527 0
521 1 0.34449631528051056 1
522 1 0.4907991452220475 0
523 1 0.28478931005588976 0
524 1 0.41452752162011314 0
525 1 0.034000905079218206 0
526 1 0.2520357384126835 0
527 1 0.19779304980317908 0
528 1 0.26546666630643095 0
529 1 0.13827567720447925 0
530 1 0.6691518760359247 0
531 1 0.5075827343387925 0
532 1 0.24628521975204012 0
533 1 0.206830425462856 0
534 1 0.27916482431151607 0
535 1 0.11667459045126126 0
536 1 0.48143235051408734 1
537 1 0.7091578819936319 0
538 1 0.2536046374695032 0
539 1 0.16991012211271825 0
540 1 0.3728197037365687 0
541 1 0.11223910650962102 0
542 1 0.5008517331266158 0
543 1 0.476145462196801 0
544 1 0.9753115900301212 1
545 1 0.3089331181477171 0
546 1 0.5645840344194277 0
547 1 0.5282342325165049 0
548 1 0.2363953856409641 0
549 1 0.2973544805262249 0
550 1 0.2475398595916562 0
551 1 0.6591539523852495 0
552 1 0.23294130589372444 0
553 1 0.18953897943947332 0
554 1 0.3990707851009081 0
555 1 0.17439717890600592 0
556 1 0.5189218905860234 0
557 1 0.122770643423825 0
558 1 0.2258887124243241 0
559 1 0.4118095001585268 0
560 1 0.17767666190847609 0
561 1 0.11216454947567785 0
562 1 0.16829476837514884 0
563 1 0.3460202549406054 0
564 1 0.4375824283396897 0
565 1 0.24339272673203854 0
566 1 0.5004591910691715 0
567 1 0.15896921498421482 0
568 1 0.6240291615855008 1
569 1 0.22398558329411328 0
570 1 0.21285628914195517 0
571 1 0.1673494723088731 0
572 1 0.7497174708510179 0
573 1 0.19571605097047984 0
574 1 0.699852045273412 0
575 1 0.25335344485324807 0
576 1 0.5030151359906879 0
577 1 0.30636035112752874 0
578 1 0.21050123720951674 0
579 1 0.3902911963905992 0
580 1 0.5365202450544556 0
581 1 0.20018226025361568 0
582 1 0.5736412129018363 0
583 1 0.44838972268103344 0
584 1 0.13599085527630927 0
585 1 0.6443688634527485 0
586 1 0.41713337427769537 0
587 1 0.4916415941033749 0
588 1 0.1849459005739968 0
589 1 0.5016228177827033 0
590 1 0.23306768395134256 0
591 0 0.8271254608317219 0
592 1 0.7215527938547578 0
593 1 0.24793528813190743 0
594 1 0.5654973732295727 0
595 1 0.5090028239296349 0
596 1 0.7775118944031864 0
597 1 0.17865076447114372 0
598 1 0.40217615185717387 0
599 1 0.529073510953997 0
600 1 0.14850939705856409 0
601 1 0.47107781806558524 0
602 1 0.1358532919205098 0
603 1 0.13093220194581903 0
604 1 0.31365417642263116 0
605 1 0.14796683549405215 0
606 1 0.19636189512403837 0
607 1 0.04719212107154919 0
608 1 0.3146001839911693 0
609 1 0.12808002832536666 0
610 1 0.2355255544715046 0
611 1 0.6183466133059973 0
612 1 0.32188587090473314 0
613 1 0.8563593820974631 0
614 1 0.20554605593909633 0
615 1 0.49224870224357814 0
616 1 0.4028817845713361 0
617 1 0.22125282024204865 0
618 1 0.24910134378408555 0
619 1 0.6824998180836558 0
620 1 0.27339208649888835 0
621 1 0.31386138115099665 0
622 1 0.18837775696391285 0
623 1 0.17907910691633494 0
624 1 0.3886341669206476 0
625 1 0.1579683834457783 0
626 1 0.6193891091935477 0
627 1 0.5877180359558671 0
628 1 0.27686087502583673 0
629 1 0.2597767718374067 0
630 1 0.18306343888729745 0
631 1 0.41498256985336096 0
632 1 0.25226463985696745 0
633 1 0.4124525785424124 0
634 1 0.11813663934155098 0
635 1 0.09876487800997781 0
636 1 0.436240130146602 0
637 1 0.34716456806514356 0
638 1 0.17486969000309469 0
639 1 0.15013061973412528 0
640 1 0.594053939339803 0
641 1 0.4324936931288814 0
642 1 0.42400214641493883 0
643 1 0.16420949052687164 0
644 1 0.6127950901621544 0
645 1 0.1635781090880904 0
646 1 0.331674403640606 0
647 1 0.46417277720640876 0
648 1 0.512500506004676 0
649 1 0.6484806701055732 0
650 1 0.4018782773973096 0
651 1 0.284445605886054 0
652 1 0.23903086959167394 0
653 1 0.3039382588999879 0
654 1 0.24610030184912302 0
655 1 0.2515385903821471 0
656 1 0.3961498305577999 1
657 1 0.13423155648140353 0
658 1 0.19595817619536118 0
659 1 0.30278312337418584 0
660 1 0.2518940600279982 0
661 1 0.33752799412592327 0
662 1 0.2726980914693931 0
663 1 0.41956328014835637 0
664 1 0.4031064522472393 0
665 1 0.13411216509827323 0
666 1 0.5284913646614299 0
667 1 0.45812774355330516 0
668 1 0.6191152074780437 0
669 1 0.41333317392390073 1
670 1 0.5662315890824083 0
671 1 0.3105438691203935 0
672 0 1.000000000136187 0
673 1 0.40708286186939047 0
674 1 0.25952604768444215 0
675 1 0.30559839318459014 0
676 0 0.7021193008256462 0
677 1 0.3286278960686036 0
678 1 0.4233712983392662 0
679 1 0.3847405744948859 0
680 1 0.18340550609129688 0
681 1 0.5606272504427939 0
682 1 0.16180218945677718 0
683 1 0.4688165351779473 0
684 1 0.3559194148559545 0
685 1 0.6129908185308593 0
686 1 0.26522080586218844 0
687 1 0.19246774292193258 0
688 1 0.299498711819584 0
689 1 0.4722483610634312 0
690 1 0.06277173869186864 0
691 1 0.3784831855829862 0
692 1 0.07916306628713668 0
693 0 1.000000000593826 0
694 1 0.3599827323915337 0
695 1 0.5153364985570034 0
696 1 0.22144671063775992 0
697 1 0.16267087024410254 0
698 1 0.6569606614510197 0
699 1 0.36629367484001435 0
700 1 0.851434750220462 0
701 1 0.3129792946040927 0
702 0 0.6839841355021966 0
703 1 0.350492950227325 0
704 1 0.28537287711134623 0
705 1 0.3107412769189458 0
706 1 0.6002708090906995 0
707 1 0.3000429136032456 0
708 1 0.4181992173140488 0
709 1 0.22189289240105728 0
710 1 0.3937205300568028 0
711 1 0.23605945893093258 0
712 1 0.2263856337157393 0
713 1 0.393454872407863 0
714 1 0.12150678147966132 0
715 1 0.6107913898703531 0
716 1 0.22503735947163417 0
717 1 0.10562527842100773 0
718 1 0.1797434029203984 0
719 1 0.3547883306083348 0
720 1 0.4415765809326521 0
721 1 0.5934718258881209 0
722 1 0.13738238861544114 0
723 1 0.28343705512734835 0
724 1 0.2999441473446199 0
725 1 0.33365102542234787 0
726 1 0.5003056211263064 0
727 1 0.3385598644960359 0
728 1 0.17194509769051103 0
729 1 0.5608016162076755 0
730 1 0.251174330873333 0
731 1 0.13612816175397238 0
732 1 0.3575729006336553 0
733 1 0.18176779805717516 0
734 1 0.2212689873841657 0
735 1 0.2815472023739532 0
736 1 0.22018203435560213 0
737 1 0.5537330147287371 0
738 1 0.36616588621660534 0
739 1 0.6203075771033034 0
740 1 0.5185565863596923 1
741 1 0.26858831320587706 0
742 1 0.36779011309450016 0
743 1 0.22063489988565924 0
744 1 0.4505065514840301 0
745 1 0.17646619770654937 0
746 1 0.5587310049320925 0
747 1 0.36422418241689675 0
748 1 0.530495612155323 0
749 1 0.8216056363534706 0
750 1 0.4506165230272029 0
751 1 0.46487294970919385 0
752 1 0.19282982205613147 0
753 1 0.4598219600683847 0
754 1 0.7713397747650332 0
755 1 0.16172951649572737 0
756 1 0.16420505869114538 0
757 1 0.45924997597411765 0
758 1 0.5677153118980653 0
759 1 0.31396258777153546 0
760 1 0.24292815593791198 0
761 1 0.31027261575705817 0
762 1 0.20918852684105022 0
763 1 0.5102302469152012 0
764 1 0.29308966780688067 0
765 1 0.12974786824885062 0
766 1 0.6742031400915245 0
767 1 0.4184131923740083 0
768 1 0.30459155087799844 0
769 1 0.5076563417559102 0
770 1 0.10140722276581784 0
771 1 0.5121395504091515 1
772 1 0.5366441005144443 0
773 1 0.413276775460366 1
774 1 0.5347263667738412 0
775 1 0.5367075136825235 0
776 1 0.3563849976246805 0
777 1 0.09129484597524747 0
778 1 0.11505741040823607 0
779 1 0.3589425184890778 0
780 1 0.348994732740579 0
781 1 0.32044620433095106 0
782 1 0.1309182616513843 0
783 1 0.1990915548961259 0
784 1 0.673613331826097 0
785 1 0.21377419815622067 0
786 1 0.07742552521604627 0
787 1 0.23087306197596874 0
788 1 0.23714457995077554 0
789 1 0.29876824042059696 0
790 1 0.0823560415011217 0
791 1 0.25005984406033543 0
792 1 0.5835317536401833 0
793 1 0.416220566433163 0
794 1 0.13972680625935138 0
795 1 0.15512354469501285 0
796 1 0.4690338635035699 0
797 1 0.2557350677816248 0
798 1 0.16101133320307698 0
799 1 0.7829974387763927 0
800 1 0.5587508254848647 0
801 1 0.43750827991493224 0
802 1 0.20937072680589502 0
803 1 0.2891009516100686 0
804 1 0.3831548867156375 0
805 1 0.21390137014914115 0
806 0 0.8424101887568943 0
807 1 0.31896496720188755 0
808 1 0.6257113853735133 0
809 1 0.5612565040567846 0
810 1 0.4750826231803206 0
811 1 0.13872491256122518 0
812 0 0.7951320477681443 0
813 1 0.4939766509516255 0
814 1 0.25726859558719445 0
815 1 0.32433473246999517 0
816 1 0.21728406368752082 0
817 1 0.2349909238167818 0
818 1 0.16534197462411443 0
819 1 0.19295293346772482 0
820 1 0.3140112879954336 0
821 1 0.32952173881408653 0
822 1 0.11577544897224892 0
823 1 0.18602342411853615 1
824 1 0.32051249792607067 0
825 1 0.250698220743286 0
826 1 0.44186309610847707 0
827 1 0.13911290824722355 0
828 1 0.15799734858748127 0
829 1 0.36191951833915936 0
830 1 0.38314300512430277 0
831 1 0.40208893182792577 0
832 1 0.41861432751483935 0
833 1 0.433139095899867 0
834 1 0.22867989515471468 0
835 1 0.3107934170118012 0
836 1 0.5710608706854154 0
837 1 0.19106980674075796 0
838 1 0.350712361831373 0
839 1 0.15769608009579772 0
840 1 0.08142252006924225 0
841 1 0.4573117159559596 0
842 1 0.5840769727242185 0
843 1 0.22777725759158518 0
844 1 0.3331600719578522 1
845 1 0.6791529858490561 0
846 1 0.46331874870694656 0
847 1 0.36932119095770755 0
848 1 0.5017295480323346 0
849 1 0.27584167427844375 0
850 1 0.10006288281866386 0
851 1 0.3703243180412025 0
852 0 0.7562509441482661 0
853 1 0.2484697633212027 0
854 1 0.23835903749592285 0
855 1 0.16620149604430265 0
856 1 0.8767217153849322 0
857 1 0.25696782851547556 0
858 1 0.3066418910056652 0
859 1 0.7018271959822037 0
860 1 0.7869987216191988 0
861 1 0.21610284165079593 0
862 1 0.3246638172853013 0
863 1 0.2028181799028645 0
864 1 0.2770269469442513 0
865 1 0.7594552761519189 0
866 1 0.28672014500489895 0
867 1 0.4204936748756665 0
868 1 0.10369999187133033 0
869 1 0.17194163619489577 0
870 1 0.7164720887031844 0
871 1 0.5858850208383437 0
872 1 0.1341755997849522 0
873 1 0.6066564857590151 0
874 1 0.5725442187889636 0
875 1 0.22147282250930175 0
876 1 0.3891305198757031 0
877 1 0.3255093774154309 0
878 1 0.4579609296190076 0
879 1 0.20778810550498814 0
880 1 0.2617751367612975 0
881 1 0.31806571558709085 0
882 1 0.19995962136402678 0
883 1 0.32578431971856636 0
884 1 0.13073422581235825 0
885 1 0.5802695956263955 0
886 1 0.45164703458262084 0
887 1 0.6612217448176946 0
888 1 0.46841170802209947 0
889 1 0.41617780049308795 0
890 1 0.07862040011420396 0
891 1 0.4283974121036092 0
892 1 0.3892109377154095 0
893 1 0.4220054418159832 0
894 1 0.26800449909756935 0
895 1 0.2508422981604891 0
896 1 0.3856276612758499 0
897 1 0.8603496139038542 0
898 1 0.20243547430751985 0
899 1 0.6794903312301013 0
900 1 0.28992438143268584 0
901 1 0.278624282691329 0
902 1 0.5059509049479828 0
903 1 0.31676228622441766 1
904 1 0.06425956496896255 0
905 1 0.5119853640755679 1
906 1 0.7572882648380806 0
907 0 1.0000000000057538 0
908 1 0.38126758519647336 0
909 1 0.5240544270798976 0
910 1 0.5353702736551155 0
911 1 0.29805181142205683 0
912 1 0.6942980371912566 0
913 1 0.37177459605137714 0
914 1 0.6604647008831858 0
915 1 0.4494704525009537 0
916 1 0.4120705350874478 1
917 1 0.0883030882606996 0
918 1 0.6069996143986662 0
919 0 0.8642309685787132 0
920 1 0.32973647484004864 0
921 1 0.3238777404112639 0
922 1 0.16393722466746877 0
923 1 0.4878383666438966 0
924 1 0.2713277101915961 0
925 1 0.10486176362182106 0
926 1 0.3723399775249408 0
927 1 0.33050366902219613 0
928 1 0.1424994869937037 0
929 1 0.3137421566677366 0
930 1 0.3883426792542117 0
931 1 0.16874047269243184 0
932 1 0.14752230338419667 0
933 1 0.2047772701555586 0
934 1 0.3839528036999067 0
935 1 0.5074136968405137 0
936 1 0.3878830536526367 0
937 1 0.20734769307889364 0
938 1 0.4524466951069352 0
939 0 0.8423259342205262 0
940 1 0.20763463333392682 0
941 1 0.15638521284470713 0
942 1 0.21456962723778003 0
943 1 0.23378972355308378 0
944 1 0.4323749773118209 0
945 1 0.6396138986103164 0
946 1 0.39132258218335036 1
947 1 0.5450278468847963 0
948 1 0.7116531673802947 0
949 1 0.17633407048124394 0
950 1 0.6425877855762485 0
951 1 0.33760406965395495 0
952 1 0.38550193570874663 1
953 1 0.3748463157066315 0
954 1 0.16005027580625197 0
955 1 0.5325406470570068 0
956 1 0.5792078465110669 0
957 1 0.5415076073206457 0
958 1 0.15188193610577685 0
959 1 0.3642305831487001 0
960 1 0.37641916527608205 0
961 1 0.1767669859020469 1
962 1 0.3016026334256529 0
963 1 0.3740405948550803 0
964 1 0.1295343942033916 0
965 1 1.0000000265695757 1
966 1 0.5410272453460261 0
967 1 0.9053010895838635 0
968 1 0.27262961011730463 0
969 1 0.2969847432924135 0
970 1 0.21572342167731065 0
971 1 0.33964269483401244 0
972 1 0.5476973480148366 0
973 1 0.3847300101405123 0
974 1 0.47563965700799626 0
975 1 0.37258821637209905 0
976 0 0.8816828977576349 0
977 0 0.7926867926867787 0
978 1 0.3187812165141764 0
979 1 0.22117075964321367 0
980 1 0.7494266643177442 0
981 1 0.4930590756384129 0
982 1 0.3423797399633347 0
983 1 0.14706939987639428 0
984 1 0.15202147085464218 0
985 1 0.2898178548246952 0
986 1 0.813240821494251 0
987 1 0.39255220759969917 0
988 1 0.5190856078402502 0
989 1 0.13565049427821424 0
990 1 0.10659906334772462 0
991 1 0.2610190522844209 0
992 1 0.6346831594681631 0
993 1 0.3273051937354143 0
994 1 0.26544078332915033 0
995 1 0.7791124592550409 0
996 1 0.29626589097247963 0
997 1 0.17439445113924654 0
998 1 0.10995828152087997 0
999 1 0.6752332708453117 0
