0 1 0.363839490728574 0
1 1 0.4783361287468007 0
2 1 0.2906271755882736 0
3 1 0.17710426754301192 0
4 1 0.6294825751925532 0
5 1 0.46652820515388504 0
6 1 0.29486428084593863 0
7 1 0.4618204168016532 0
8 1 0.12372600158690833 0
9 1 0.2755445664009266 0
10 1 0.1795995632055203 0
11 1 0.3699052020086604 0
12 1 0.2526951916524349 0
13 1 0.2691433248059494 0
14 1 0.15616507681877112 0
15 1 0.5793706529406061 1
16 1 0.2615885362543422 0
17 1 0.37352395072971056 0
18 1 0.22490092538719422 0
19 1 0.5182452822492083 0
20 1 0.1516677181224277 0
21 1 0.3853267173965869 0
22 1 0.3302409234204385 0
23 1 0.203824383341111 0
24 1 0.2669641934280142 0
25 1 0.3704366102714984 0
26 1 0.4079094625859805 0
27 1 0.37082222134479886 0
28 1 0.2532572867798523 0
29 1 0.5063161094021317 0
30 1 0.22069642175746457 0
31 1 0.5083128199261644 0
32 1 0.23892711541337636 0
33 1 0.42426603083392805 0
34 1 0.3377662648339096 0
35 1 0.4600257762148723 0
36 1 0.4087872626186776 0
37 1 0.2693118613045108 0
38 1 0.1331076935681047 0
39 1 0.5640974216885082 0
40 1 0.3118940865971459 0
41 1 0.2878687643759417 0
42 1 0.3811162165057103 0
43 1 0.26687134577955884 0
44 1 0.3479671819225388 0
45 1 0.546545130185819 0
46 1 0.6115179605807471 0
47 1 0.2413062985154285 0
48 1 0.24407215373477711 0
49 1 0.1442647041145465 0
