0 1 0.15685103621179253 0
1 1 0.33972056281272206 0
2 1 0.4623136691482784 0
3 1 0.3600401313420739 0
4 1 0.24502730473718037 0
5 1 0.4718522701046352 0
6 1 0.606570499043801 0
7 1 0.4271637960613724 0
8 1 0.26714365892499936 0
9 1 0.5023387083018038 0
10 1 0.1295969016255248 0
11 1 0.8127895678315346 0
12 1 0.13475133681908455 0
13 0 0.9347104240734829 0
14 1 0.2666198430378989 0
15 1 0.380483671854652 0
16 1 0.3616983974721292 0
17 1 0.2259083746209019 0
18 1 0.27753374080693427 0
19 1 0.3026464408987243 0
20 1 0.13506999269334294 0
21 1 0.4077430022560306 0
22 1 0.3490964049705493 0
23 1 0.27416355751238647 0
24 1 0.3721113793004874 0
25 1 0.3098921829319648 0
26 1 0.4121840598045478 0
27 1 0.37155034439564955 0
28 1 0.520940955463258 0
29 1 0.18192705672660422 0
30 1 0.1936557414830625 0
31 1 0.596635775808579 0
32 1 0.4412214624064285 0
33 1 0.30107402301621977 0
34 1 0.37736608763319923 0
35 1 0.473024781084853 0
36 1 0.4346383655410982 0
37 1 0.40876114400347974 0
38 1 0.20955857450415047 0
39 1 0.4472646547265299 0
40 1 0.3277503506041003 0
41 1 0.30884318921981035 0
42 1 0.2621741577077782 0
43 1 0.5536518590380834 0
44 1 0.20102780176144275 0
45 1 0.16890682758149209 0
46 1 0.13195695341454236 0
47 1 0.27604160899450364 0
48 1 0.13448152807889732 0
49 0 0.9999999998026098 0
50 1 0.40058606902014415 1
51 1 0.27782770700118303 0
52 1 0.20524991089403682 0
53 1 0.46348112932327157 0
54 1 0.3269537275363383 0
55 1 0.2760172856241402 0
56 1 0.1723579851235694 0
57 1 0.3819660547398419 0
58 1 0.2250938557234914 0
59 1 0.5028968390011627 0
60 1 0.5313669813104539 0
61 1 0.18177107628044317 0
62 1 0.3001307876987537 0
63 1 0.5504385370603493 0
64 1 0.6575308119564379 0
65 1 0.5431352515029816 0
66 1 0.572948715782723 0
67 1 0.3735775147768 0
68 1 0.2031495879518242 0
69 1 0.3526596541912506 0
70 1 0.17276734111429676 0
71 1 0.144839686533003 0
72 1 0.5533171422856217 0
73 1 0.36948610041658253 0
74 1 0.2684013905417694 0
75 1 0.6644127525532727 0
76 1 0.19360924125205575 0
77 1 0.3619938972698863 0
78 1 0.47738719179283223 0
79 1 0.6271856337937449 0
80 1 0.34573907349775607 0
81 1 0.44594682739916125 0
82 1 0.6197856967481963 0
83 1 0.1351938873038639 0
84 1 0.22554510464850488 0
85 1 0.24726423703826966 0
86 1 0.14362074882537187 0
87 1 0.2248353680256991 0
88 1 0.17711099293023708 0
89 1 0.3660094474261657 0
90 1 0.45604368436755 0
91 1 0.43360139438851436 0
92 1 0.3327302588506901 0
93 1 0.38368152249163395 0
94 1 0.3149896144853724 0
95 1 0.4766954424302502 0
96 1 0.17220805505532483 0
97 1 0.13336393865596294 1
98 1 0.17772648340342662 0
99 1 0.2417039465534472 0
